709 980 997 
721 986 998 
728 991 999 
734 991 998 
739 985 998 
737 981 997 
730 980 997 
727 981 997 
725 987 998 
725 990 999 
729 991 999 
733 991 999 
735 986 997 
734 983 997 
728 981 997 
729 981 997 
719 986 998 
728 989 999 
729 991 999 
738 991 998 
733 988 998 
732 984 998 
736 981 997 
730 980 997 
728 981 997 
725 985 998 
726 988 998 
728 991 998 
733 991 999 
736 987 998 
733 982 997 
726 980 997 
725 981 997 
725 988 998 
730 992 998 
739 992 998 
740 988 998 
734 984 997 
731 981 997 
728 981 997 
724 983 998 
719 987 998 
727 992 999 
730 991 999 
733 988 998 
732 984 998 
727 980 997 
721 981 997 
720 985 998 
727 988 998 
737 991 998 
741 991 998 
744 986 998 
743 984 997 
741 982 997 
732 981 997 
729 984 998 
726 987 998 
733 992 999 
735 992 999 
744 992 999 
743 988 998 
744 985 997 
743 981 997 
740 982 997 
733 982 997 
733 989 998 
736 991 999 
742 993 999 
746 993 999 
753 993 998 
753 987 997 
751 983 997 
742 982 997 
733 982 997 
732 989 998 
744 993 999 
747 992 999 
738 985 997 
734 982 997 
729 982 997 
729 989 998 
739 993 999 
745 993 998 
747 989 998 
741 985 998 
743 982 997 
743 982 997 
742 983 997 
746 987 998 
748 990 998 
749 993 999 
755 994 999 
759 993 998 
762 990 998 
760 986 997 
766 983 997 
751 983 997 
747 983 997 
748 989 998 
752 994 999 
751 994 999 
754 993 999 
754 987 998 
850 989 997 
896 992 998 
714 986 998 
710 989 999 
743 994 999 
744 992 999 
752 987 998 
744 982 997 
741 983 997 
735 987 998 
741 992 999 
750 994 999 
754 993 999 
754 987 998 
747 982 997 
743 983 997 
735 986 998 
737 991 999 
746 994 999 
748 993 999 
752 987 998 
743 982 997 
742 983 997 
743 987 998 
744 991 999 
749 994 999 
758 994 998 
762 990 998 
761 987 997 
761 983 997 
758 984 997 
753 984 997 
752 984 998 
753 990 998 
753 991 998 
757 994 999 
762 995 999 
766 995 999 
767 993 998 
767 988 998 
764 985 997 
759 984 997 
752 984 997 
749 990 998 
751 995 999 
772 995 999 
771 989 998 
767 984 997 
761 984 997 
759 988 998 
736 990 998 
759 994 999 
760 993 998 
763 990 998 
760 987 998 
759 983 997 
757 983 997 
753 984 997 
751 987 998 
751 990 998 
755 994 999 
759 993 998 
760 988 998 
760 983 997 
755 983 997 
751 984 998 
751 991 999 
754 993 999 
759 993 998 
756 987 998 
753 983 997 
748 983 997 
744 986 998 
746 989 998 
747 994 999 
750 994 999 
751 994 999 
755 994 999 
755 993 999 
760 991 998 
761 989 998 
761 988 998 
761 987 998 
760 985 997 
759 983 997 
756 984 998 
753 983 997 
748 983 997 
747 983 997 
746 987 998 
746 989 999 
742 992 999 
751 994 999 
755 994 999 
756 993 999 
757 988 997 
