341
340
341
342
343
343
344
345
346
345
344
343
340
339
338
337
338
338
339
340
341
341
341
343
344
344
345
345
344
343
341
339
338
338
339
341
343
345
345
344
342
340
338
338
340
341
344
345
346
344
343
341
339
338
338
338
340
342
344
345
345
344
343
342
341
340
339
338
337
337
338
340
340
342
343
344
344
344
342
339
338
338
336
337
337
338
339
340
342
343
343
344
343
343
342
341
340
338
337
336
335
336
337
338
341
342
342
340
339
336
335
335
337
338
341
342
342
341
340
338
336
336
335
336
338
339
341
342
342
342
340
339
337
336
335
336
337
338
338
339
339
340
340
341
341
342
342
342
343
343
343
342
341
340
340
339
339
338
337
337
337
336
336
336
335
335
335
335
335
335
336
336
337
337
338
338
339
339
340
341
341
342
342
342
343
343
343
343
343
343
343
343
343
343
343
343
343
343
342
342
