311
309
311
313
316
318
318
315
311
309
312
316
318
316
311
311
316
318
315
310
312
317
317
312
310
314
319
315
310
313
318
317
311
310
316
319
313
310
314
318
316
311
310
314
318
317
313
310
310
314
318
317
312
310
312
316
318
315
311
310
314
317
319
316
312
310
310
312
316
318
318
316
314
311
309
311
313
316
318
318
318
315
312
310
309
310
312
313
316
317
318
318
316
315
311
309
311
313
316
318
318
316
313
310
310
313
316
318
318
316
312
309
311
313
317
318
318
316
312
310
310
312
315
317
319
318
316
313
311
309
310
313
317
318
319
322
318
313
312
311
312
313
314
316
318
319
319
318
316
315
312
310
312
314
317
319
319
319
317
316
306
310
311
313
318
317
320
319
317
315
312
311
311
313
315
317
319
319
318
316
315
313
312
310
311
313
314
317
318
320
318
316
314
312
310
312
314
317
318
319
