330
329
330
332
334
336
336
337
335
334
332
330
329
330
331
332
335
336
336
337
336
336
335
335
334
334
333
332
331
331
331
330
330
330
330
330
330
330
330
330
330
329
329
329
330
330
330
330
330
330
330
329
330
330
330
330
330
330
329
329
329
329
329
330
330
330
330
330
330
330
331
331
331
332
332
331
331
331
332
332
332
332
332
332
334
334
335
335
335
335
335
334
334
334
333
333
332
332
332
332
332
332
332
331
331
331
331
331
331
332
332
332
334
334
334
335
335
336
336
336
337
336
336
335
334
333
332
330
330
329
329
330
331
332
334
335
336
336
335
334
332
330
329
329
330
331
334
335
336
336
335
334
333
331
330
330
329
328
329
330
331
332
334
335
336
336
336
334
334
331
330
329
329
331
332
334
336
336
335
333
331
329
329
330
332
335
336
336
334
333
331
329
329
331
332
335
336
335
333
330
