305
304
302
299
297
296
298
300
303
305
305
302
299
297
296
297
300
304
305
304
302
299
297
296
299
302
304
305
304
302
299
297
296
298
300
303
304
305
302
300
297
297
297
298
300
303
304
305
304
302
299
297
296
298
300
304
306
304
302
298
296
297
300
303
305
305
303
301
298
297
297
298
300
303
304
305
304
302
300
297
297
297
299
301
304
304
305
302
301
298
297
296
296
297
298
299
299
301
303
304
305
304
302
301
298
297
296
297
299
299
301
303
304
304
304
305
305
304
302
302
302
301
299
298
298
297
297
296
297
297
298
299
299
301
302
304
305
305
305
304
302
300
298
297
297
297
297
299
300
301
303
304
304
305
305
304
304
304
302
301
299
298
297
296
296
296
296
297
299
299
301
302
303
304
304
304
305
305
304
302
302
300
298
297
297
297
298
299
301
303
304
304
305
304
302
302
301
299
298
297
