344
345
344
342
340
338
338
339
341
344
346
345
343
340
339
338
339
341
344
346
346
344
342
340
338
339
341
343
345
346
345
343
340
339
338
339
340
341
341
343
344
345
345
346
347
346
346
345
344
343
341
340
339
339
340
341
342
343
345
345
346
347
346
345
344
341
340
338
340
342
344
346
347
346
344
341
340
338
339
341
343
345
346
347
346
345
344
341
340
339
339
340
341
345
346
347
346
344
342
340
339
339
340
341
343
345
346
347
346
346
346
344
344
342
341
340
339
339
339
341
341
342
344
345
346
346
346
344
341
339
339
341
343
346
346
344
342
340
338
339
341
342
345
346
346
345
343
341
340
339
339
339
340
341
342
344
345
346
346
344
343
340
339
339
341
342
344
346
346
344
343
340
339
338
338
340
341
344
345
346
345
342
340
338
338
340
342
344
345
346
345
345
343
342
340
340
339
338
338
338
