299
300
303
305
307
308
307
305
304
301
299
299
300
302
306
307
307
305
301
299
299
302
303
306
308
307
305
302
300
300
299
300
302
303
306
307
307
306
304
300
298
300
302
306
307
307
306
304
301
300
299
299
301
303
305
307
308
307
305
304
301
300
299
300
302
303
306
307
308
307
305
304
302
300
300
300
300
299
303
300
305
307
307
307
307
305
304
301
299
299
300
303
306
307
308
307
305
304
301
301
299
299
299
300
302
302
303
305
306
308
308
308
307
305
304
303
298
302
300
298
299
300
302
303
305
307
308
307
304
301
300
300
302
303
306
308
308
308
305
304
301
300
300
301
303
306
308
308
307
305
302
300
300
301
302
305
307
309
308
306
303
301
300
300
302
303
306
308
309
308
306
305
302
301
300
300
301
303
306
308
308
308
305
302
300
300
303
305
307
309
307
305
302
300
300
302
304
307
308
308
