364
364
365
366
366
366
367
367
367
367
367
367
367
366
366
366
365
365
365
365
365
365
365
366
366
366
365
365
365
364
362
362
361
361
360
360
361
361
361
363
363
366
366
365
365
368
368
369
361
366
359
393
373
369
367
374
367
365
364
363
362
361
361
362
362
362
362
363
363
363
363
363
362
363
380
363
352
361
363
369
366
366
362
364
367
367
372
364
361
366
368
369
369
369
369
369
369
368
367
367
366
366
365
364
364
363
363
362
364
362
361
362
357
361
366
362
364
365
367
367
368
368
369
369
369
369
369
367
367
367
366
366
365
364
364
363
363
362
363
361
362
362
362
362
363
363
363
364
365
365
366
367
367
367
368
368
368
368
368
368
368
368
368
368
368
368
368
368
368
368
368
368
368
368
368
368
369
369
370
370
370
369
370
370
369
369
369
369
369
370
369
370
369
369
369
368
368
368
368
368
