308
307
308
308
309
310
311
313
314
315
316
316
316
314
312
309
308
308
310
314
315
317
316
315
314
312
310
309
308
308
311
314
315
316
317
316
314
313
311
310
309
308
308
308
309
310
310
311
312
314
315
315
316
317
316
316
316
314
314
314
314
314
314
314
314
313
313
312
311
311
310
310
310
310
310
309
309
309
309
309
309
310
310
310
310
311
311
311
311
312
313
313
313
313
314
314
314
314
314
314
314
314
314
313
311
310
310
310
310
310
309
309
309
309
309
308
308
308
308
308
309
308
308
309
309
311
312
314
316
317
317
316
315
312
310
309
308
309
311
312
313
315
316
316
317
318
317
317
316
315
314
314
312
311
310
310
309
309
308
308
308
309
309
309
308
309
309
309
310
310
311
311
311
311
310
310
310
310
310
311
311
311
312
312
314
316
317
317
318
318
317
317
315
315
314
312
311
311
310
