347
347
346
345
345
345
346
348
351
353
353
351
349
346
346
349
352
353
351
347
346
346
349
352
354
353
351
347
346
346
348
351
352
352
350
346
344
346
348
352
353
350
347
344
346
349
352
352
350
346
344
347
350
352
352
349
345
344
347
350
352
352
350
347
345
345
348
351
352
350
346
344
346
348
350
352
350
347
356
339
345
350
352
351
348
345
344
346
348
351
352
350
348
345
343
344
347
350
351
352
350
348
345
343
345
347
351
352
351
348
344
343
344
347
350
351
351
349
345
343
343
346
348
351
351
350
348
351
344
343
346
347
350
351
351
348
345
344
343
344
346
346
349
350
351
351
350
349
348
345
343
342
343
345
346
348
349
350
351
351
350
348
348
347
346
345
344
343
342
343
344
345
347
349
350
351
350
349
348
347
344
343
343
342
343
344
345
348
349
350
350
350
348
346
344
342
342
343
344
345
