309
309
309
310
310
310
309
308
308
307
307
307
307
306
306
305
303
303
302
302
302
301
302
302
302
304
304
306
308
308
309
310
309
308
307
307
306
303
303
302
302
302
301
301
301
301
301
302
302
304
304
304
305
306
307
308
308
309
309
309
310
310
309
310
309
309
308
308
307
307
307
307
307
307
307
307
306
306
305
304
303
303
303
302
302
302
301
301
301
301
301
302
302
302
302
302
303
304
304
304
304
304
305
307
307
308
308
309
309
309
310
309
309
308
307
307
306
306
306
306
305
305
303
303
302
301
301
301
301
302
304
304
304
306
307
308
308
309
309
310
309
309
309
308
307
306
305
303
303
302
301
301
301
301
301
302
304
304
305
307
308
308
309
309
309
309
308
306
304
302
301
301
301
302
304
304
307
308
309
310
309
308
306
306
303
302
302
301
300
301
301
302
303
303
304
305
307
308
308
309
