303
300
299
299
300
302
305
307
307
306
304
301
300
298
299
302
304
306
308
307
304
303
301
300
299
298
299
299
300
301
301
302
304
305
306
306
307
307
306
304
304
303
300
300
300
299
299
298
298
299
299
300
301
301
302
303
305
306
306
306
307
307
306
304
304
302
300
299
299
299
299
301
302
305
306
307
307
305
304
303
301
300
299
299
298
298
298
299
299
300
301
302
303
305
306
306
307
306
305
304
302
300
299
299
298
299
299
301
302
303
305
306
306
307
307
307
307
307
306
304
304
303
301
300
299
298
299
300
301
303
305
307
307
304
303
300
299
298
301
303
305
307
307
305
304
300
300
298
298
299
301
304
306
306
307
306
304
303
300
299
298
298
298
300
301
305
306
307
307
305
304
301
299
298
299
300
301
302
305
306
306
307
307
306
304
304
303
301
299
299
298
299
301
302
305
307
306
305
304
302
