304
306
307
306
304
303
300
299
297
299
301
303
306
307
304
302
299
298
301
304
306
307
305
303
300
299
299
301
305
306
307
306
304
302
300
299
298
299
301
304
306
307
306
303
300
298
299
302
306
307
306
303
299
299
301
304
306
307
304
300
299
299
302
305
307
306
304
300
298
300
302
306
307
306
304
300
298
300
303
306
308
306
304
300
298
300
303
306
308
306
304
301
299
299
302
304
307
307
306
303
300
299
301
304
306
308
306
304
301
299
299
301
303
306
307
308
306
304
301
299
299
302
304
307
307
305
302
300
299
302
305
307
307
304
301
299
300
303
306
308
306
304
300
299
299
301
305
306
306
304
300
298
300
303
306
307
304
302
299
298
299
302
305
306
306
304
300
299
298
300
302
306
306
306
304
302
299
298
299
301
303
305
306
306
305
304
301
299
298
297
298
299
301
304
306
307
305
303
300
298
