304
305
305
303
302
298
297
297
299
301
304
305
305
303
301
298
297
297
299
302
304
305
305
302
301
298
297
296
299
301
304
306
305
302
299
297
296
299
301
304
305
302
298
297
299
303
305
304
302
298
296
297
300
303
305
305
302
299
297
297
300
304
305
303
299
297
296
299
303
305
305
302
299
297
297
299
301
304
305
304
301
298
296
298
300
303
305
305
304
302
299
297
296
298
300
304
305
304
302
300
298
297
297
297
300
303
305
305
304
302
298
297
297
298
300
302
303
304
305
305
303
301
298
297
297
299
300
304
305
304
302
298
297
297
299
303
304
305
304
302
300
298
297
296
299
301
304
305
303
301
297
296
298
300
303
305
305
302
301
298
297
297
299
302
304
305
305
303
300
298
297
297
297
299
300
303
304
305
305
305
305
305
304
302
302
299
298
297
297
297
298
299
300
303
304
305
305
305
304
303
