340
341
342
342
341
339
337
336
335
334
335
335
337
337
339
341
341
343
342
341
340
339
339
338
337
336
336
335
335
334
335
335
337
338
339
341
342
342
342
341
340
338
336
335
335
335
335
337
337
339
340
341
343
342
340
339
336
335
335
337
339
341
343
341
339
337
336
335
335
336
338
340
341
341
342
342
341
340
339
339
337
336
336
335
334
335
335
336
337
337
339
340
341
341
342
342
341
340
339
336
336
335
334
334
336
337
338
340
341
342
342
341
340
339
339
339
339
339
339
339
339
338
338
338
337
336
335
335
334
334
335
336
337
339
340
341
341
341
339
336
335
334
334
335
335
336
337
338
339
340
341
341
342
341
341
341
340
339
339
338
337
336
335
335
334
334
334
334
335
335
336
336
336
337
337
339
339
340
341
342
341
341
339
339
337
336
335
335
334
334
335
336
337
339
340
341
342
341
339
338
