299
299
299
299
299
300
301
302
302
303
305
306
306
307
307
307
308
307
307
307
306
306
306
305
304
303
301
300
299
299
300
302
305
306
307
307
306
305
303
301
300
299
299
301
302
306
307
307
308
306
304
301
300
299
300
301
303
305
306
308
307
306
304
304
301
300
299
299
300
302
304
306
307
307
305
304
301
300
299
299
300
302
304
306
307
307
306
304
301
300
299
300
301
302
303
306
306
307
307
305
301
299
299
302
305
307
308
306
304
301
299
299
302
303
306
307
307
307
305
304
301
300
300
299
300
302
304
306
307
308
307
305
304
302
301
299
299
300
302
304
306
307
308
307
305
304
303
301
300
299
299
299
299
300
301
302
302
304
305
306
307
307
308
308
307
307
306
306
305
304
304
302
301
300
300
299
299
299
300
302
304
306
307
308
305
304
301
299
299
299
302
303
305
306
307
307
307
307
306
304
