331
334
336
333
329
331
335
336
331
329
332
336
334
330
330
334
336
334
329
330
334
336
333
329
330
334
337
334
330
329
334
337
334
329
331
335
336
332
329
331
336
336
331
329
332
336
336
333
330
331
335
336
334
329
330
335
336
334
330
330
334
337
335
331
329
331
335
336
333
329
331
335
336
333
329
331
335
336
334
330
329
332
336
336
332
329
331
335
337
335
331
329
332
336
336
331
329
332
336
335
331
329
333
337
335
331
329
332
336
336
333
330
330
332
336
336
334
330
329
332
335
336
334
331
329
330
334
336
336
332
330
330
334
336
336
333
330
330
332
335
337
335
332
329
330
332
336
336
334
331
329
332
335
337
334
331
329
331
334
337
336
333
330
330
332
334
336
336
335
332
330
330
332
335
336
337
334
332
330
330
332
335
337
336
334
331
329
330
333
335
337
336
335
333
331
330
329
330
330
332
