332
335
336
334
330
328
329
332
335
336
334
331
329
329
331
335
336
334
330
328
331
333
336
336
333
330
328
331
334
336
335
332
329
329
334
336
334
331
328
331
334
336
334
330
329
331
335
337
335
332
329
329
331
334
336
336
333
330
329
332
335
336
333
329
329
333
336
335
331
329
329
332
336
335
332
329
329
332
336
335
333
329
329
333
336
334
331
328
331
335
336
333
329
329
332
335
336
334
330
329
332
336
334
330
329
333
337
334
330
329
332
335
336
333
330
329
331
334
336
336
334
330
329
331
334
337
334
331
328
331
335
336
333
329
331
335
336
333
329
330
334
337
334
331
329
331
335
336
334
330
329
331
335
337
334
331
329
331
335
336
334
330
329
331
334
336
336
334
330
329
332
335
336
334
330
330
332
336
336
333
330
330
334
337
335
331
329
331
334
336
336
334
330
329
332
335
337
334
331
329
