371
371
370
370
368
367
367
366
365
366
366
367
368
369
370
371
372
372
372
373
373
373
374
374
373
373
373
373
373
372
371
371
368
367
367
366
367
368
370
372
373
374
373
371
371
369
371
368
373
370
369
364
369
369
372
372
373
374
373
372
371
370
368
367
355
359
366
369
372
374
374
372
371
369
367
367
367
368
369
371
373
374
374
373
372
371
368
367
366
367
368
369
372
373
374
374
373
371
369
368
367
366
367
367
369
370
373
374
374
373
371
369
368
367
366
367
368
369
370
372
372
373
374
373
371
370
368
366
365
366
368
370
372
372
371
370
368
366
365
365
366
367
369
371
372
372
370
368
366
365
367
369
372
373
372
370
367
365
367
369
372
374
372
370
368
366
366
368
369
372
373
372
369
367
366
368
371
372
373
371
368
366
365
366
368
369
372
372
373
372
370
368
367
366
365
365
366
367
368
370
