339
337
337
336
334
333
332
332
333
335
338
340
338
335
332
333
335
339
339
337
333
332
335
338
340
337
334
333
333
336
339
340
338
336
333
332
334
336
338
340
339
337
334
333
332
333
335
338
339
339
338
337
333
331
333
335
338
340
337
335
332
332
335
338
340
339
336
333
331
332
334
336
338
339
339
338
337
335
333
331
332
334
337
338
339
339
338
337
336
334
333
333
332
332
334
334
337
338
339
339
337
336
333
332
332
333
335
337
338
340
339
338
337
336
334
334
333
333
332
333
332
332
332
332
333
333
334
335
336
338
339
340
339
337
336
334
333
332
332
333
334
335
335
337
338
339
339
339
339
337
336
334
334
333
332
331
332
333
335
337
338
339
339
338
338
337
335
334
333
333
332
332
332
331
331
331
332
332
332
332
332
332
332
333
333
334
334
335
336
337
338
338
339
339
340
339
339
339
339
338
