339
340
341
340
340
338
338
336
335
334
332
334
336
339
341
338
336
334
333
333
333
335
336
338
339
340
340
339
337
335
333
332
335
338
340
339
337
334
333
335
339
340
338
334
332
335
338
340
339
336
333
333
335
339
340
338
334
332
333
336
339
340
337
334
332
333
335
338
340
337
334
332
332
335
338
340
339
337
334
332
332
334
337
339
339
337
334
332
333
336
339
339
336
332
333
336
339
339
337
333
332
334
338
339
340
337
334
333
332
334
336
339
339
339
339
337
335
334
333
333
335
336
339
340
340
338
335
333
333
335
337
339
340
339
336
334
332
333
335
337
339
341
339
337
335
333
333
336
339
340
338
334
332
335
337
339
340
338
336
333
333
335
338
340
340
338
335
334
332
333
335
336
339
340
340
338
336
334
333
335
337
340
340
337
334
332
335
337
340
340
338
335
333
334
336
339
341
339
337
334
