342
341
339
338
337
337
338
339
341
342
343
345
344
344
342
340
339
338
338
337
337
337
336
336
336
337
337
337
337
337
337
337
337
338
339
339
340
342
343
343
343
344
344
342
341
339
338
338
337
336
337
337
337
337
337
337
338
338
338
338
339
338
339
340
342
342
343
344
344
344
344
343
342
341
341
339
339
339
339
339
338
338
337
337
335
336
337
338
338
339
341
341
342
342
342
343
343
344
344
343
342
342
340
338
337
336
337
338
339
342
343
344
343
342
340
338
336
337
339
342
343
344
342
340
337
336
337
339
342
343
343
342
340
338
336
336
337
339
341
342
344
343
341
340
337
336
336
338
341
342
343
341
339
337
336
336
338
341
343
343
342
341
338
336
336
337
338
340
342
343
343
342
341
339
337
336
336
338
339
342
343
344
343
342
341
338
337
336
336
337
339
340
342
343
344
343
342
341
338
337
