319
319
318
316
316
313
311
311
311
310
311
311
311
312
313
313
313
314
316
317
318
318
319
319
319
320
319
319
318
318
317
316
316
314
312
312
311
311
310
310
311
313
313
314
316
317
317
317
317
318
318
318
319
319
319
318
318
319
318
318
318
318
317
316
316
315
315
314
313
313
312
312
311
311
311
311
310
310
310
310
310
310
311
310
310
311
311
311
311
311
311
310
310
310
311
311
311
311
311
311
311
312
311
312
311
311
311
311
312
311
311
311
311
311
311
311
310
311
310
310
310
310
310
310
310
310
311
312
313
314
316
317
318
318
318
318
316
315
313
312
311
310
310
311
313
313
316
317
318
319
318
316
315
312
311
310
309
310
311
312
313
313
316
316
317
318
318
319
318
318
318
317
317
316
316
316
316
315
315
313
312
311
310
310
310
310
311
313
313
316
317
317
318
318
317
315
314
312
311
310
