302
303
305
306
307
307
307
305
304
301
300
299
299
302
302
306
307
308
307
305
302
300
299
301
304
307
307
305
303
300
299
301
303
306
308
307
304
301
300
299
300
302
306
308
306
304
300
299
300
304
306
307
305
301
299
299
302
306
308
306
303
300
299
300
303
306
308
306
304
300
300
299
302
304
306
307
307
305
303
300
299
299
302
305
306
308
306
304
301
299
299
300
302
306
307
307
305
303
301
299
298
299
300
302
304
306
307
307
306
304
302
300
298
299
301
303
305
306
307
308
307
307
306
306
304
304
304
302
301
300
300
299
299
299
301
302
304
305
306
307
307
307
307
307
306
306
304
304
304
303
302
301
301
300
299
299
298
299
300
302
302
304
306
307
307
307
304
303
300
299
299
300
302
305
306
307
307
307
306
304
303
301
299
299
299
301
303
305
307
307
306
304
301
299
299
300
301
302
304
306
