345
346
345
345
345
345
345
345
345
344
344
343
342
341
341
340
339
339
339
338
338
338
338
338
338
339
339
339
339
339
339
339
340
340
340
340
340
340
340
340
340
340
340
340
340
340
340
340
340
340
340
340
340
340
340
340
340
340
339
339
338
339
339
340
340
340
341
341
341
341
341
342
342
343
344
344
345
345
345
345
345
345
346
345
346
346
346
346
346
346
346
347
346
346
346
345
346
346
346
345
345
345
344
344
344
344
343
342
342
341
341
340
339
339
338
339
338
339
339
339
339
339
339
340
340
340
341
341
341
341
341
341
341
340
340
340
340
340
339
339
339
339
339
338
338
339
339
339
339
339
340
339
339
339
339
339
339
339
339
339
340
341
341
342
342
344
344
345
345
345
345
346
346
346
347
346
346
346
346
346
346
346
346
346
346
346
345
345
344
343
342
341
341
341
340
339
339
339
339
339
