340
339
338
338
340
343
345
346
344
342
340
338
338
340
342
344
346
345
343
341
339
337
339
341
343
345
345
343
341
339
338
340
342
344
346
345
343
340
338
338
339
340
342
344
345
345
345
345
343
343
342
340
340
338
338
339
341
342
344
345
346
345
344
343
342
341
340
340
339
339
338
338
339
339
341
341
342
343
344
344
344
345
345
345
344
344
344
344
345
345
344
344
344
344
345
345
345
345
346
345
345
344
343
342
340
339
339
338
338
337
338
338
338
338
338
338
338
338
338
338
338
338
338
338
338
338
338
338
338
338
338
338
338
338
339
339
340
340
341
340
340
340
340
340
340
340
340
341
341
341
341
342
343
344
344
344
344
344
344
343
342
341
341
340
339
339
338
338
338
339
340
340
340
341
342
342
342
342
341
340
340
340
340
340
340
340
340
341
343
343
343
344
345
345
345
345
346
346
345
345
