307
306
305
304
302
302
300
300
301
301
303
303
305
307
308
309
309
309
308
306
305
303
302
301
300
301
301
302
303
304
307
308
308
309
309
309
309
308
306
305
303
302
301
301
303
305
307
308
309
308
306
304
302
301
300
301
302
303
306
308
308
309
309
308
306
304
302
301
300
301
303
304
306
308
309
309
309
308
306
304
302
301
300
301
302
303
305
307
309
309
308
306
304
302
301
301
302
304
307
308
309
309
308
306
303
302
301
300
302
304
307
308
309
307
305
302
301
300
300
303
304
307
307
308
309
309
308
306
302
301
300
301
303
304
307
308
308
309
307
305
302
301
300
301
302
303
303
304
306
307
307
308
308
308
308
309
308
309
308
308
306
306
306
305
304
302
302
301
301
300
300
301
301
302
303
303
303
304
305
307
307
308
308
309
309
308
308
306
306
306
305
303
302
302
301
301
300
300
300
301
