337
335
333
333
334
335
339
340
340
338
335
334
333
334
336
338
340
340
339
337
335
333
333
335
337
339
340
338
335
333
333
335
337
340
340
338
335
333
333
335
339
341
339
337
334
333
335
337
339
341
340
338
337
335
333
333
333
335
338
339
341
339
338
335
333
333
334
336
338
340
340
340
338
336
334
333
333
335
336
339
340
340
338
337
335
333
333
334
336
338
340
341
340
338
335
334
333
333
335
336
339
340
341
340
338
338
335
334
333
334
335
336
339
340
341
340
338
338
336
335
334
333
334
335
336
338
340
340
340
340
338
336
334
333
334
335
338
340
340
339
337
335
333
333
335
338
340
340
338
335
333
334
337
340
341
338
335
333
334
337
339
341
340
338
335
334
333
334
336
337
339
340
341
338
337
334
333
333
335
337
339
340
341
338
337
334
334
333
335
336
339
340
340
338
335
334
333
334
336
339
