298
300
300
302
304
305
305
306
305
303
300
298
298
297
298
300
302
304
305
306
305
305
304
303
301
299
298
297
298
300
302
304
305
306
306
305
303
303
302
299
299
299
298
298
297
298
299
300
302
304
305
306
305
303
301
298
297
297
300
302
304
305
305
305
303
302
299
298
297
298
300
302
304
305
306
305
303
302
299
298
297
298
300
302
304
305
305
306
306
305
304
303
303
302
300
299
298
298
298
298
299
300
303
304
305
306
305
303
302
300
299
298
297
297
298
300
301
303
304
305
306
305
305
303
303
300
298
298
297
298
300
301
304
305
306
303
301
298
297
298
300
304
305
305
304
302
299
297
297
300
303
304
306
305
303
301
299
298
297
299
301
304
305
306
305
303
302
299
298
298
297
297
298
300
303
304
306
305
303
302
299
298
297
297
300
301
303
305
306
305
304
302
299
298
297
297
298
300
303
304
