307
304
303
302
302
302
303
303
305
306
308
309
310
311
310
309
307
305
303
309
303
301
305
306
311
310
312
311
309
308
305
304
303
303
304
306
308
310
311
312
311
310
309
308
308
306
305
304
304
303
303
303
304
305
306
309
310
311
311
309
308
304
303
304
306
307
310
311
312
312
311
309
309
307
305
305
304
304
304
304
305
306
307
310
311
312
312
311
309
306
304
304
305
307
310
312
312
311
309
306
305
304
305
307
309
311
312
312
312
310
309
306
304
304
305
307
310
312
313
312
310
308
305
304
304
305
307
309
311
312
313
312
310
309
306
305
305
304
305
307
308
311
312
313
312
312
310
309
308
306
305
304
305
307
308
311
312
312
311
309
306
305
305
305
304
304
304
304
305
305
305
307
308
309
310
311
312
313
313
310
308
305
305
308
310
312
313
312
310
307
305
306
308
311
313
312
310
307
305
305
