332
334
336
339
340
340
338
335
333
332
334
336
340
340
337
333
332
335
339
341
338
335
332
335
338
341
338
334
332
333
336
340
340
336
333
334
338
341
338
333
332
335
339
341
339
335
332
334
339
341
340
336
334
333
339
341
339
335
332
336
339
342
339
335
333
334
337
340
342
340
337
334
334
337
340
342
341
339
335
334
336
340
343
340
336
335
335
339
342
341
339
336
335
337
340
342
342
340
336
335
338
342
343
340
336
335
338
342
343
340
337
335
336
339
342
344
342
340
336
335
336
339
342
344
343
341
338
336
336
339
342
344
344
341
338
336
352
340
351
333
339
337
336
339
333
342
343
342
339
337
337
340
343
345
345
342
338
337
339
342
345
345
343
341
339
338
338
340
342
345
346
345
343
340
339
337
338
340
342
344
345
346
346
345
344
343
341
340
338
340
341
342
346
346
347
346
344
342
340
339
