370
370
371
370
370
370
369
368
368
367
366
365
364
364
362
362
364
365
368
369
370
369
367
364
363
363
365
366
368
370
370
368
366
364
362
364
365
368
369
370
370
369
369
367
366
364
364
362
363
365
366
369
370
370
368
365
363
363
365
366
369
369
370
367
364
363
363
366
369
370
369
367
364
363
363
365
366
369
369
369
368
367
365
363
363
364
366
368
370
369
367
365
363
363
365
366
369
370
369
367
364
363
364
366
369
370
368
365
363
363
365
368
369
370
367
365
363
363
365
369
369
369
367
364
363
363
365
368
369
370
368
365
363
363
366
369
370
368
365
363
363
365
368
370
370
368
365
364
363
363
365
368
369
370
369
367
367
365
364
363
362
363
364
365
367
369
369
370
368
367
364
363
363
365
367
369
370
369
367
365
363
362
363
365
367
368
370
370
369
367
364
363
362
363
365
368
369
369
368
366
