314
314
315
317
318
319
320
320
320
319
317
314
312
312
313
315
318
319
320
319
317
314
313
312
312
313
314
317
318
319
320
320
319
317
316
314
313
312
311
312
313
314
316
318
319
320
320
317
316
313
312
312
313
315
318
319
320
320
318
317
314
312
311
312
314
316
318
319
320
320
319
318
317
316
315
313
312
312
311
312
314
314
317
318
319
320
320
320
319
317
317
315
313
312
311
311
312
314
315
317
318
319
320
320
318
317
316
314
313
313
312
312
312
311
310
312
312
312
314
315
318
319
320
320
318
316
314
313
312
311
313
315
318
318
319
319
318
317
315
313
312
312
311
311
311
312
313
314
315
318
318
319
320
319
319
318
317
316
313
312
312
310
311
312
312
314
314
316
317
319
319
319
318
317
316
313
312
311
311
311
311
312
313
314
314
316
318
318
319
319
320
319
318
316
316
313
312
311
311
312
