334
335
337
338
339
339
338
336
334
333
331
332
334
334
337
338
340
339
337
336
333
331
332
334
337
339
339
337
335
332
332
333
335
338
339
339
337
336
333
332
332
333
334
336
337
339
340
339
338
336
335
333
331
331
332
334
336
338
338
339
338
338
336
336
336
335
333
332
331
331
331
333
335
337
338
339
338
337
337
336
335
335
333
332
332
331
330
330
331
331
332
333
333
333
333
334
334
335
336
335
335
335
336
336
336
336
336
337
337
338
338
338
338
337
337
336
336
335
334
333
333
333
333
332
332
332
331
331
330
331
331
331
332
333
335
336
338
336
335
331
330
330
332
335
337
334
331
330
330
333
336
336
334
330
329
332
335
336
336
334
331
329
330
332
336
337
335
331
330
330
332
335
337
335
332
330
330
332
336
337
336
333
330
329
330
333
336
338
337
335
334
332
331
330
330
330
332
333
335
336
