359
360
360
361
361
360
360
358
357
354
353
353
352
353
355
356
358
359
360
360
362
366
362
359
359
358
356
355
354
352
353
353
355
356
359
360
360
361
361
360
358
357
355
354
353
353
353
355
357
360
361
361
360
358
355
353
352
353
354
356
358
360
360
361
358
357
354
353
352
355
355
357
359
359
360
360
361
361
360
360
360
359
358
358
358
357
357
355
354
353
352
351
352
353
354
355
357
359
359
360
361
360
360
359
358
357
356
354
353
352
351
352
353
354
354
355
358
359
360
360
359
357
355
353
352
351
352
352
354
357
358
360
359
357
354
352
352
354
357
359
360
358
357
353
352
351
352
355
359
360
358
356
353
351
352
354
357
359
360
358
356
353
352
351
351
352
354
354
356
357
358
359
360
359
358
356
354
352
351
351
352
354
355
357
358
359
360
359
358
357
356
356
355
353
352
352
351
353
354
357
