307
307
305
304
301
299
299
300
303
306
308
308
305
304
300
300
299
302
303
305
306
307
307
308
307
305
304
302
300
300
299
300
301
302
303
304
306
306
307
308
308
308
308
307
305
305
304
302
301
300
300
299
299
301
302
302
303
305
306
306
307
307
308
307
308
307
307
307
307
305
305
305
304
302
301
300
300
300
301
302
303
306
306
307
308
307
306
304
302
301
300
299
299
300
302
302
302
302
303
303
306
306
307
307
308
308
307
307
306
305
305
304
303
302
301
301
301
301
301
300
299
299
300
300
301
302
303
306
306
307
307
307
308
308
308
306
305
304
301
300
300
299
300
302
306
307
308
307
306
304
304
303
301
300
300
298
299
300
302
302
305
306
306
307
307
308
307
307
306
305
305
304
301
301
300
300
299
299
300
302
302
303
304
305
306
306
307
307
308
307
307
306
304
304
302
300
300
299
299
300
