345
347
349
349
348
346
345
343
342
340
341
343
344
347
349
349
346
345
342
341
342
342
344
347
348
353
342
344
345
342
342
341
341
342
342
344
344
345
346
347
348
349
349
350
349
348
347
345
344
343
342
341
341
342
344
345
348
350
350
348
346
343
342
342
344
346
349
350
351
350
350
349
348
348
347
347
346
344
343
343
343
342
344
347
344
348
348
349
349
351
351
351
349
349
364
356
350
347
345
344
343
343
343
343
344
345
346
347
347
349
350
351
351
351
352
352
353
352
352
352
351
350
350
349
346
346
345
345
344
344
345
346
347
347
348
350
351
352
352
352
353
353
352
354
353
353
353
352
350
349
347
346
345
345
346
346
348
349
351
352
353
353
353
351
350
348
347
346
346
345
346
346
347
348
349
351
353
353
354
352
351
348
346
345
346
348
349
351
352
353
355
354
353
352
351
350
348
347
346
346
