356
355
356
357
358
360
361
362
362
361
360
358
356
355
354
355
357
359
361
362
361
359
356
354
354
356
357
360
361
360
357
354
354
356
360
362
360
357
354
353
355
359
360
360
358
354
353
353
355
358
360
360
358
355
354
352
353
355
358
359
360
357
354
352
352
355
358
358
357
355
352
350
351
353
354
357
359
357
355
352
351
351
353
357
358
357
354
351
351
353
354
357
358
358
356
355
352
351
351
351
353
353
356
357
358
358
356
355
352
351
350
351
352
353
356
357
358
358
356
353
351
351
353
355
357
358
357
355
352
351
351
351
353
356
357
358
357
355
352
351
351
353
355
357
358
357
355
353
351
350
350
352
355
357
357
356
354
351
349
351
352
355
357
357
355
353
351
349
350
352
355
356
357
356
354
352
351
350
349
350
352
355
356
357
354
353
350
349
349
349
351
352
354
355
357
356
354
352
350
348
