337
334
331
330
332
336
337
333
330
330
334
337
336
332
329
332
335
337
335
331
329
332
334
337
336
335
332
329
330
332
336
337
335
332
330
331
333
336
336
335
332
330
330
331
333
336
337
336
333
330
330
332
335
337
337
331
329
330
338
337
335
338
338
331
329
327
330
335
336
335
334
332
331
330
330
330
332
333
335
337
337
336
334
331
330
329
330
342
338
344
340
341
337
325
324
326
329
331
334
336
336
335
333
330
329
329
329
331
331
334
335
336
336
335
333
331
330
329
328
329
330
331
334
335
337
336
334
331
329
329
330
332
335
337
335
333
330
328
328
334
336
336
334
332
329
328
330
332
334
335
333
331
328
328
330
333
335
335
333
329
328
328
330
333
335
335
332
330
328
327
330
333
335
335
333
330
327
329
332
335
335
333
329
328
329
331
334
336
334
332
329
328
329
331
334
336
335
333
330
328
