357
354
352
352
353
355
357
359
360
360
358
357
354
352
352
353
355
358
359
360
360
359
358
356
353
352
352
352
355
357
359
360
360
360
358
357
355
354
353
352
351
353
356
352
354
356
358
359
360
360
360
359
357
356
354
352
351
350
356
356
352
356
359
360
360
358
357
356
354
353
353
353
353
378
357
354
353
355
356
356
358
359
360
360
361
360
358
358
357
356
355
354
354
353
353
353
352
353
353
354
355
355
356
359
359
360
361
361
361
360
359
358
358
358
357
356
355
355
354
354
353
353
352
353
354
355
357
359
361
361
360
358
355
353
353
354
356
359
360
361
361
361
359
358
355
354
353
353
353
354
356
356
357
359
360
361
362
361
358
355
354
353
354
356
356
359
360
361
361
361
361
360
359
358
357
355
354
354
352
353
353
353
354
354
355
356
356
357
358
359
359
360
360
360
361
361
361
362
361
361
