299
297
298
300
301
304
305
306
306
305
303
300
298
298
300
302
305
306
306
304
303
299
298
298
299
301
304
305
306
306
305
303
300
299
298
298
298
299
301
302
304
305
305
306
306
306
305
303
303
301
299
299
298
297
298
298
301
301
304
305
306
306
305
305
303
303
302
301
300
299
299
299
298
298
298
297
298
298
300
300
302
304
305
306
306
303
302
299
298
298
300
301
304
305
306
306
306
306
305
303
303
302
300
299
298
297
298
298
298
299
300
301
302
304
304
305
306
306
306
305
305
303
303
301
299
298
297
298
300
301
304
305
306
306
305
303
302
299
298
297
298
298
300
303
305
306
306
303
301
299
298
298
298
299
300
301
302
304
305
306
307
306
305
303
301
299
298
297
298
299
300
302
304
305
306
306
304
303
300
299
298
298
299
301
304
305
306
305
303
302
299
298
297
298
298
299
299
300
300
300
