331
333
334
336
335
333
330
328
329
331
334
335
335
333
330
328
329
331
334
335
333
331
329
328
330
332
334
335
334
331
329
328
330
333
335
335
333
332
329
328
328
329
330
333
334
335
334
332
330
328
328
329
331
334
335
334
332
330
329
327
328
330
331
333
334
336
335
333
332
330
329
328
328
328
330
332
334
335
334
332
330
328
327
328
330
333
334
335
334
333
330
328
328
330
332
334
335
334
332
330
328
327
328
329
330
332
334
335
335
334
332
330
329
328
327
328
330
330
332
333
334
334
336
335
335
334
334
333
333
333
332
330
330
329
328
328
328
328
328
328
328
329
329
330
330
331
333
334
335
335
335
333
330
328
328
330
331
333
334
335
335
335
335
335
334
333
332
330
329
327
328
330
333
335
335
333
331
329
328
329
331
334
335
333
330
328
328
330
333
335
335
333
331
329
328
329
331
334
336
335
