300
298
296
298
301
304
305
304
301
298
297
299
303
304
305
303
301
298
297
297
299
302
305
305
304
301
298
297
300
302
304
306
305
303
301
299
297
296
297
299
300
302
304
305
305
303
301
298
297
298
301
304
305
302
299
296
298
301
305
305
302
298
297
299
301
304
305
305
304
302
299
298
296
297
299
301
304
305
306
305
303
302
299
297
297
298
300
304
305
305
303
301
298
297
299
301
304
306
305
302
299
297
297
298
300
303
305
305
304
302
299
298
297
298
300
300
302
303
303
304
304
304
305
305
306
305
305
304
304
303
303
302
302
302
301
300
299
299
299
299
298
298
298
297
297
297
296
297
297
297
297
298
300
300
300
301
303
303
304
304
304
305
305
305
305
306
305
305
305
304
303
302
302
300
299
298
298
297
297
296
297
297
297
298
299
300
300
302
303
304
304
305
305
305
306
306
305
305
305
305
