312
313
314
316
317
318
319
318
317
316
315
312
311
309
310
312
313
316
317
318
318
315
314
311
310
309
310
312
313
316
317
319
318
317
315
314
312
311
310
310
309
310
312
313
315
316
317
318
318
317
315
312
310
310
311
313
317
318
317
314
311
310
309
310
312
313
316
317
318
318
316
314
311
310
310
309
310
310
311
312
313
314
316
317
317
317
318
318
318
318
317
317
316
315
315
315
314
313
311
311
310
309
309
309
309
310
310
312
312
313
315
316
317
318
317
315
313
311
310
310
309
310
312
312
314
316
317
317
317
317
316
315
314
312
310
309
309
310
312
314
316
317
317
316
314
313
311
310
308
309
311
313
316
317
317
316
314
314
312
310
310
309
308
309
309
310
311
311
311
311
312
312
313
315
315
316
317
317
317
317
317
317
316
316
316
316
315
314
314
314
314
314
314
314
314
314
313
313
312
311
