341
341
340
341
342
343
344
347
348
349
349
349
349
347
346
344
343
341
340
341
342
344
344
347
348
348
349
350
349
349
347
346
345
343
344
342
342
342
342
343
344
347
348
349
349
347
346
343
341
341
342
344
347
349
350
349
346
344
342
341
341
343
345
348
348
349
349
349
348
347
346
344
343
342
341
341
342
344
345
347
348
349
350
349
349
347
346
345
343
342
341
340
341
341
342
343
343
343
344
345
347
348
348
349
349
350
349
349
349
348
347
347
346
346
344
343
342
342
341
340
341
341
341
342
343
343
344
347
348
348
349
349
349
348
347
346
345
345
344
343
342
342
341
341
341
341
340
341
341
341
341
343
343
343
344
345
347
348
348
349
349
349
348
346
346
342
342
340
340
342
344
347
348
348
346
344
341
339
340
343
346
348
350
349
347
345
342
341
339
340
341
343
345
348
349
349
349
349
346
346
