342
344
343
341
338
337
336
338
341
343
344
343
341
340
337
336
336
337
338
338
339
341
342
343
344
343
342
341
338
337
335
336
339
342
343
342
340
337
336
337
339
342
343
342
340
337
336
335
336
337
339
341
343
341
339
336
335
337
339
342
343
341
339
336
334
336
338
341
343
343
341
339
337
335
336
338
341
342
341
339
336
334
336
338
341
343
342
340
338
336
335
335
337
338
341
343
342
340
337
335
335
337
338
340
342
342
341
340
337
336
335
336
338
340
342
343
342
340
338
336
335
335
337
338
340
342
343
342
340
337
336
336
338
342
341
338
339
337
335
336
339
342
344
342
340
336
336
336
339
342
343
342
339
336
335
337
339
341
343
342
340
339
336
335
334
334
336
337
340
341
341
338
336
334
333
334
336
339
340
341
339
337
335
334
335
337
340
341
339
336
334
334
336
339
340
341
338
336
334
333
