334
336
337
335
332
330
330
332
336
338
336
333
331
330
332
335
337
335
332
329
332
336
337
334
331
330
332
336
337
335
333
331
330
332
335
336
336
334
330
330
332
336
337
334
331
329
331
334
336
337
334
332
330
330
332
336
337
335
332
330
329
332
335
336
336
334
331
329
329
331
333
336
337
335
332
330
330
332
334
336
337
334
332
330
329
331
335
337
335
332
330
329
331
333
336
337
336
333
331
329
330
332
335
336
336
334
330
330
332
334
336
337
336
334
331
330
330
332
333
336
337
337
335
332
330
330
332
334
336
337
336
335
332
331
329
330
332
335
336
337
336
334
331
329
330
333
336
337
335
332
330
330
332
336
337
334
332
330
330
332
335
337
337
335
332
330
330
332
336
338
336
333
330
330
333
336
337
334
331
329
331
335
337
336
334
331
330
332
336
337
337
334
331
329
331
333
336
337
335
333
