300
304
304
304
302
299
297
297
298
300
303
305
305
304
302
301
298
298
297
297
297
297
299
301
304
305
305
302
302
299
297
296
297
300
303
304
305
304
302
299
297
297
299
301
304
305
305
303
302
299
298
297
297
298
300
303
305
305
304
302
299
297
296
297
300
300
303
304
304
305
304
302
300
298
297
297
299
300
303
304
305
305
304
302
302
301
300
299
298
297
297
296
297
299
300
302
303
304
305
305
304
302
302
301
298
298
297
297
296
297
298
299
300
303
303
304
305
305
305
304
302
301
298
297
296
297
299
302
304
305
304
302
299
297
296
297
300
303
304
304
302
299
297
296
297
300
303
305
305
302
301
298
297
296
297
299
300
303
304
304
305
304
302
301
298
297
296
296
297
299
299
299
300
300
300
302
303
303
304
304
305
305
305
305
305
304
302
301
299
298
297
297
296
297
297
300
301
303
304
304
