347
348
349
348
347
346
345
343
342
341
340
339
340
341
342
343
345
346
347
347
348
348
349
348
348
348
348
347
346
346
345
345
345
345
345
345
344
345
344
344
343
342
341
340
339
340
341
343
344
345
346
347
347
348
347
346
345
343
341
340
340
339
340
340
341
342
343
344
346
347
348
348
348
348
347
346
345
345
344
344
342
342
341
340
339
339
340
342
342
344
345
346
347
347
347
349
348
348
348
347
345
345
343
341
341
340
340
340
341
341
342
345
343
342
343
343
343
343
343
344
345
346
347
348
347
346
345
344
341
340
339
340
342
343
346
347
348
347
345
342
340
340
342
344
347
348
347
345
343
340
339
340
343
346
349
347
345
341
339
339
341
343
346
347
347
347
345
342
340
339
339
340
342
344
346
347
347
347
345
343
341
340
338
340
340
341
341
342
342
342
342
342
342
342
343
342
342
342
342
342
