304
304
301
299
296
296
298
301
304
304
302
298
296
296
299
303
305
303
300
296
296
299
303
305
303
300
297
295
297
300
303
304
303
301
298
296
295
296
298
301
303
304
303
300
297
295
297
299
302
304
304
303
301
298
296
295
296
298
300
303
304
304
301
300
297
295
296
299
302
304
304
303
301
299
297
296
295
296
297
299
302
304
305
303
301
297
296
296
299
302
303
304
303
301
298
297
296
296
298
300
303
304
302
298
296
296
298
303
304
302
300
296
296
298
302
304
301
298
296
297
300
303
304
301
297
295
298
302
304
304
301
297
296
296
299
302
304
304
303
301
298
297
296
296
296
297
298
299
301
302
303
304
304
305
304
304
303
302
301
298
297
296
296
295
296
296
297
298
299
300
302
303
305
304
302
301
299
297
296
296
296
297
299
301
303
305
303
301
298
297
296
295
296
296
297
298
299
302
303
304
