305
304
304
303
303
303
304
304
306
306
306
307
307
307
307
308
309
309
309
310
310
310
310
311
311
311
312
312
311
311
311
310
309
308
305
305
304
303
303
304
306
306
308
310
311
311
312
312
311
311
311
311
310
309
309
308
308
307
306
305
305
305
304
303
303
303
304
306
306
307
308
309
310
310
311
311
311
311
311
311
311
310
310
309
308
308
308
307
306
305
306
305
305
305
304
304
303
303
303
303
304
306
306
307
309
310
311
311
312
311
311
310
308
308
307
306
305
305
304
303
303
304
306
307
310
311
312
311
309
308
307
306
305
304
303
303
303
304
306
307
309
310
311
312
311
310
309
307
305
304
304
303
303
303
303
304
305
306
306
307
309
310
311
311
311
309
308
307
305
305
304
304
304
304
304
303
303
303
303
304
304
306
306
307
309
310
310
311
312
311
311
311
310
309
308
308
306
305
304
303
