302
302
300
301
303
304
307
309
309
308
306
303
301
301
302
304
308
309
309
307
305
303
301
300
301
303
304
307
308
309
308
306
303
302
300
302
304
307
308
309
308
306
305
303
301
301
301
301
303
304
306
308
308
309
309
308
306
306
304
303
302
301
301
302
304
305
307
308
309
309
309
308
307
306
306
305
304
303
302
302
301
301
300
301
301
302
303
304
305
307
308
309
309
309
308
306
306
303
301
301
300
303
305
308
309
308
306
305
302
301
301
301
301
302
304
304
306
308
308
309
308
306
305
302
301
300
301
302
304
306
308
309
309
309
308
306
306
304
302
301
301
301
302
303
307
308
309
309
307
306
304
302
302
301
301
301
300
301
301
303
304
306
308
308
309
309
308
307
306
305
303
302
301
300
300
300
301
302
303
303
304
305
306
308
308
308
309
309
308
307
306
305
302
302
301
300
300
300
301
303
