305
305
305
304
305
305
304
304
304
303
303
301
300
299
299
297
296
297
297
298
300
302
304
305
304
302
299
297
296
297
298
300
302
304
304
304
304
304
304
303
302
300
299
298
297
297
296
297
297
298
299
301
302
304
304
305
305
303
303
301
299
298
296
297
297
298
299
301
302
302
303
304
304
304
304
304
305
305
305
305
305
305
305
305
305
305
304
304
303
302
302
302
302
301
300
299
298
298
298
297
297
296
297
297
298
298
299
300
300
302
303
304
304
304
305
304
304
302
301
300
298
297
297
296
296
297
299
299
301
303
304
304
303
301
298
296
299
302
304
305
303
301
298
297
296
297
299
300
303
304
304
305
304
302
301
298
297
296
297
300
303
304
304
304
301
298
297
296
296
298
300
302
304
304
304
302
300
297
297
298
301
304
305
302
299
297
296
299
303
304
304
302
299
297
296
298
301
304
305
304
