298
297
296
296
295
295
296
298
298
301
302
303
303
303
301
298
297
296
295
296
298
299
302
303
304
303
301
300
297
296
295
297
299
302
303
304
302
300
297
296
295
296
298
299
301
302
303
303
304
303
301
300
297
295
295
298
299
302
303
303
303
301
300
297
297
296
295
296
297
298
299
300
301
302
303
303
304
303
303
302
301
300
298
297
296
294
295
298
299
302
302
303
304
304
303
301
300
299
297
296
295
296
298
301
303
304
303
300
297
296
295
295
298
298
300
302
302
303
304
304
304
303
300
298
296
295
296
299
302
304
301
298
296
296
299
303
304
301
297
296
297
301
304
303
300
296
296
299
302
304
301
298
296
296
298
303
304
301
297
295
297
302
303
303
298
296
296
299
303
304
301
298
296
297
300
304
303
300
296
296
299
302
303
303
301
297
295
297
299
302
303
304
301
298
296
296
298
300
303
304
