335
335
337
340
342
340
337
334
337
341
341
337
334
337
342
340
335
336
341
341
336
335
338
342
339
334
337
343
339
334
337
342
339
335
337
341
341
337
335
337
341
341
337
335
338
343
339
335
336
341
341
336
335
340
342
337
335
340
342
338
335
338
343
340
335
337
341
340
336
336
341
342
338
335
338
342
340
336
336
341
342
338
335
338
342
340
335
337
342
340
336
337
341
341
336
337
341
342
336
335
340
343
340
336
335
339
343
340
336
335
340
343
340
336
336
341
342
338
334
338
342
340
336
335
339
342
340
336
336
341
342
338
334
338
342
342
337
335
338
342
342
338
335
337
340
343
340
336
335
338
342
342
339
336
336
340
343
340
336
335
338
341
343
340
336
335
338
342
343
340
336
335
337
341
343
341
337
334
337
341
342
339
335
336
339
342
341
337
335
336
340
342
340
337
334
337
340
342
341
338
