296
296
296
296
296
297
297
298
298
300
300
301
301
303
304
305
304
303
301
299
296
296
297
298
301
303
304
304
303
301
299
297
296
296
298
301
303
304
304
303
300
299
296
296
297
301
303
305
304
302
299
297
296
296
298
301
303
304
304
303
299
297
296
296
298
301
304
305
303
301
299
297
295
296
297
300
301
302
304
304
304
304
303
303
301
299
299
299
297
296
296
296
296
296
297
297
298
298
300
300
301
301
301
302
301
302
302
302
302
302
302
301
301
302
302
301
302
302
302
302
302
303
303
304
304
304
304
304
305
304
304
304
304
304
303
303
304
304
304
304
304
304
304
304
304
304
304
304
304
304
304
304
304
304
304
304
304
304
304
304
304
304
303
304
304
304
303
303
303
303
304
304
304
304
304
304
303
302
301
299
298
297
296
296
296
296
299
299
302
304
304
304
303
302
300
298
297
297
296
298
