346
346
347
346
346
346
345
345
345
344
344
343
343
342
342
342
342
341
341
340
339
339
339
340
341
343
344
345
346
346
346
345
344
342
341
340
339
338
339
340
341
343
344
344
345
346
347
345
345
343
341
339
338
340
341
344
344
346
346
346
345
345
344
342
341
340
339
339
340
340
342
344
345
346
346
345
344
342
341
340
339
339
339
340
341
343
345
346
347
345
344
342
341
340
339
339
340
343
344
345
346
346
345
345
342
341
340
339
338
339
340
340
341
343
344
345
346
346
346
345
344
343
341
340
339
338
340
341
343
344
346
346
346
345
343
341
339
339
339
340
341
344
345
346
346
345
344
342
341
339
338
340
341
343
345
346
346
345
344
341
340
339
339
340
343
345
346
346
345
345
344
342
341
340
339
338
338
339
342
343
346
345
345
342
341
339
338
339
341
344
346
346
344
341
340
338
340
341
344
345
