313
312
309
305
306
310
313
311
307
305
308
312
313
310
305
308
312
313
310
306
307
312
314
310
306
306
310
313
313
309
305
306
309
313
314
311
307
306
306
309
313
314
311
308
306
306
309
314
313
310
306
306
309
312
313
311
307
305
308
311
314
311
307
305
308
312
313
310
306
306
308
313
314
311
308
306
306
309
313
315
311
308
305
308
310
312
324
332
314
304
306
310
312
315
312
309
306
306
308
311
314
314
310
305
303
305
308
312
312
309
304
303
302
304
307
309
309
306
302
301
302
304
307
308
307
304
301
299
300
303
306
307
308
307
304
301
300
298
299
300
302
305
306
307
307
305
303
300
299
300
302
304
306
307
306
305
302
300
299
300
302
304
307
307
308
305
303
301
300
300
301
303
304
306
307
308
307
305
303
301
299
300
303
305
307
308
307
305
303
301
301
300
302
303
306
307
308
307
305
301
