348
347
347
347
348
348
349
350
351
352
354
354
356
356
356
355
354
353
352
350
349
348
347
348
349
350
352
354
356
357
356
356
354
354
352
351
350
350
350
349
349
349
349
348
349
349
349
350
351
351
352
352
352
352
352
353
355
356
356
357
358
357
357
357
355
355
354
354
352
352
351
350
350
349
350
350
352
353
353
355
357
358
357
356
354
351
350
350
350
352
355
357
358
358
358
356
355
353
352
351
350
350
350
352
352
353
356
356
358
358
358
357
357
357
355
355
353
352
351
350
350
350
351
352
353
356
357
358
358
358
356
355
352
351
350
351
353
356
358
359
358
356
354
351
351
350
351
353
354
357
358
359
358
357
356
354
352
351
350
351
353
356
357
358
359
359
358
357
356
355
353
352
350
351
353
354
356
358
359
359
358
358
361
342
352
352
353
357
357
362
357
349
353
356
358
358
359
359
359
358
