319
321
322
323
324
324
325
326
325
324
324
322
322
321
319
318
317
316
315
316
316
317
318
319
320
322
323
323
324
325
324
324
323
322
322
321
318
318
318
317
317
317
317
318
318
320
320
320
321
322
322
323
324
325
325
324
323
322
321
319
319
318
318
318
317
317
318
318
320
320
321
322
324
324
325
325
326
326
327
326
326
326
325
324
323
322
320
319
319
319
319
318
318
318
319
320
320
321
321
321
322
323
325
326
326
327
328
327
327
327
327
327
325
325
324
324
324
324
323
321
322
321
321
320
320
319
320
320
321
323
323
324
325
326
327
328
328
329
328
328
327
326
325
324
322
321
321
321
321
323
324
325
327
328
329
329
328
328
326
325
323
322
321
321
321
322
324
325
327
329
329
328
327
326
325
323
323
322
322
321
321
322
324
325
327
328
329
329
330
330
329
328
327
327
326
324
323
323
322
322
