351
353
354
357
358
359
358
357
356
355
355
354
352
352
351
351
350
350
351
351
353
353
354
356
356
356
357
357
357
358
358
355
355
352
351
350
350
351
352
354
356
357
357
358
357
357
356
355
354
351
350
349
349
350
352
353
356
357
358
357
355
354
352
350
349
349
349
350
352
352
353
354
355
356
356
357
357
357
356
354
353
351
350
349
349
350
351
352
354
356
356
357
356
354
353
352
350
349
348
348
349
351
352
355
356
356
355
353
351
349
348
348
349
351
351
354
355
356
357
356
356
355
355
354
353
353
352
350
350
349
348
348
347
348
349
350
352
354
354
355
356
355
354
353
352
349
349
348
348
347
347
348
349
350
351
353
354
355
355
354
352
349
348
347
348
350
350
351
353
354
354
355
356
355
354
354
354
353
352
352
352
351
349
349
348
347
347
346
346
347
346
346
347
347
347
347
348
349
349
349
