332
330
331
331
332
332
333
334
334
335
336
337
337
338
339
338
338
336
336
335
333
332
330
331
332
333
334
336
337
338
338
339
339
338
338
338
337
337
336
335
335
334
333
332
332
332
331
331
331
330
331
331
331
331
333
334
336
337
337
339
338
337
337
336
336
336
335
335
333
332
332
331
330
331
331
332
333
334
335
336
337
337
338
338
339
339
338
337
336
334
333
333
333
333
332
332
332
332
331
331
332
332
333
334
334
335
335
337
337
338
339
339
339
339
338
336
334
332
332
333
335
337
339
339
338
336
334
333
332
331
332
333
334
334
335
337
337
338
339
339
339
338
337
336
336
335
334
334
333
333
332
332
332
331
332
332
333
334
335
337
338
339
339
339
337
336
335
333
333
332
331
331
333
334
337
338
340
338
337
335
333
332
331
332
334
335
337
338
338
339
340
339
339
339
338
337
337
337
336
335
