303
304
306
309
310
311
310
308
304
302
304
307
310
311
308
304
302
304
307
310
311
308
304
303
304
307
310
311
308
304
303
305
309
311
310
308
304
303
305
309
311
308
304
302
305
310
311
308
304
303
305
310
311
308
304
302
305
309
312
308
305
302
304
307
310
310
307
303
303
307
311
310
305
302
305
309
312
309
305
302
304
308
311
311
308
304
302
304
307
310
311
308
304
302
304
308
311
310
307
303
302
305
309
310
311
308
304
303
303
305
306
310
310
311
308
307
304
303
303
302
304
306
309
310
311
310
308
306
304
303
303
304
306
309
310
311
311
310
308
307
305
304
303
303
303
303
305
308
310
311
310
308
305
303
302
303
305
308
310
311
310
308
306
303
302
302
303
305
309
310
311
311
309
308
304
304
303
303
304
305
308
310
311
311
310
308
307
304
303
302
303
305
307
309
311
311
310
308
308
307
