317
316
314
313
312
311
310
311
311
313
313
314
317
318
319
319
320
320
319
317
313
311
311
313
316
319
320
319
316
313
311
311
313
316
319
320
320
319
317
315
313
312
312
311
312
314
315
318
319
321
320
318
317
314
312
312
311
311
311
312
314
318
319
321
320
318
316
313
312
312
312
314
316
319
320
321
320
318
317
314
313
311
311
313
313
305
317
319
320
318
314
329
317
315
315
316
318
320
320
320
319
317
314
313
311
312
314
316
319
320
320
320
320
318
317
315
314
313
312
312
312
313
315
317
319
320
321
320
319
317
316
314
314
313
313
312
311
312
312
313
315
316
318
319
320
320
320
319
318
317
314
313
312
312
313
315
317
319
320
320
318
316
313
312
312
314
316
319
320
321
320
318
316
314
312
312
313
315
317
319
320
321
320
318
318
317
315
314
313
313
312
311
312
312
313
315
315
316
318
318
