337
336
336
337
337
339
339
340
341
342
343
344
344
344
344
343
342
341
341
340
339
339
339
338
338
338
338
337
337
337
337
336
336
337
337
338
339
339
340
340
340
341
342
342
342
343
343
343
344
344
345
344
344
343
343
342
342
341
340
339
338
338
338
337
337
336
337
337
338
339
339
340
340
341
342
343
343
344
344
344
344
343
342
342
341
339
338
337
336
337
337
339
339
340
342
342
343
344
344
344
343
342
341
341
339
338
338
337
336
337
337
337
338
338
338
339
339
339
339
339
339
339
340
341
342
342
342
343
344
344
344
343
341
341
339
338
337
336
337
339
340
343
344
344
343
342
341
339
338
336
337
339
340
342
343
344
344
341
339
337
337
338
339
341
343
344
344
342
341
339
337
336
337
338
339
340
342
343
344
345
344
344
342
340
339
338
337
337
337
337
338
338
338
340
340
340
342
342
343
343
