347
348
350
352
354
355
355
353
352
349
347
348
350
352
354
354
352
350
348
347
348
350
352
354
354
352
349
347
347
348
351
353
354
353
351
348
346
348
350
353
354
354
352
350
348
346
347
349
351
353
354
354
353
351
349
348
346
347
349
351
353
354
352
349
347
346
346
348
349
351
352
353
354
353
352
351
351
349
348
347
346
345
346
348
350
352
352
352
350
348
346
345
345
345
347
348
350
351
352
351
351
350
348
346
345
344
344
345
346
347
349
350
351
352
351
350
349
347
346
345
345
345
344
344
344
346
347
348
350
351
352
351
349
349
346
345
344
344
344
346
347
348
349
350
351
351
351
350
348
345
344
344
346
349
351
350
348
346
344
343
344
345
347
349
350
351
350
348
345
343
343
343
345
345
348
349
350
351
350
349
348
345
344
342
344
345
347
349
350
350
350
348
346
345
343
342
343
345
347
349
