342
342
342
342
343
343
343
343
344
343
343
341
340
339
338
336
336
336
337
339
341
342
343
342
341
338
337
335
336
338
341
343
343
342
341
338
336
335
337
339
342
344
343
339
337
337
338
341
343
344
341
339
337
336
338
341
343
344
341
338
336
338
341
344
344
342
338
336
337
340
343
345
343
342
339
337
336
338
339
342
344
344
342
340
338
337
338
340
343
344
344
343
341
338
337
338
341
344
345
343
340
338
338
340
343
345
345
343
340
338
338
340
344
346
343
340
339
339
342
345
346
344
340
338
339
341
344
346
345
343
340
339
339
341
344
346
346
343
342
339
338
340
341
344
345
347
345
343
340
339
339
340
342
345
346
344
342
339
339
341
342
344
346
346
345
343
340
339
338
340
342
345
345
343
340
338
338
341
345
346
343
340
338
340
344
346
343
340
338
339
342
344
346
344
342
339
338
340
342
344
