308
309
309
310
310
311
310
310
309
308
307
307
306
304
303
303
302
302
303
305
308
310
311
310
308
306
304
302
302
303
305
306
309
310
311
311
309
307
306
304
303
302
301
302
302
304
305
307
309
310
310
310
310
308
307
304
303
302
302
302
302
303
305
306
308
309
310
310
311
310
309
308
307
306
304
303
302
302
303
304
306
308
309
310
311
310
309
308
307
307
304
303
302
301
302
303
305
306
309
310
310
310
309
308
307
307
307
307
306
306
306
305
305
304
304
304
303
303
302
302
302
301
302
302
302
303
304
305
306
308
308
309
310
310
310
309
307
306
304
303
302
302
302
304
305
306
308
310
310
310
307
305
303
302
302
305
307
309
311
310
307
306
303
302
302
303
305
306
308
310
311
310
309
307
305
303
302
302
301
302
302
303
303
303
304
304
305
305
306
308
308
308
309
309
309
310
310
310
310
310
