308
308
309
311
312
313
313
313
311
310
308
306
306
304
305
306
308
311
312
313
313
312
310
307
306
305
304
305
306
308
310
312
313
314
313
312
310
309
307
306
305
305
304
305
305
307
308
310
311
312
313
314
313
312
311
310
310
308
306
306
305
305
305
307
309
311
312
313
313
312
310
309
306
305
304
305
307
309
312
313
313
312
310
307
305
304
306
307
310
312
313
313
312
310
308
306
305
305
307
308
312
313
313
311
308
305
304
305
308
310
312
313
312
310
306
305
304
307
310
313
312
310
306
305
304
306
308
311
313
313
311
309
307
305
304
305
307
309
312
313
312
310
306
305
304
307
310
312
313
312
309
306
304
304
305
308
310
312
312
313
312
310
309
306
305
304
305
307
308
311
312
313
312
310
309
307
305
305
304
305
306
308
311
312
312
312
311
309
306
305
304
305
307
310
312
312
311
309
306
304
