329
330
333
337
336
334
331
330
332
335
337
337
335
332
330
330
333
336
337
335
332
330
331
334
337
337
335
331
330
332
335
337
337
334
331
330
332
334
336
338
337
335
332
331
330
332
334
336
337
336
334
332
330
330
332
335
337
337
335
332
330
330
333
335
337
337
335
333
331
330
330
332
333
335
337
337
336
335
332
331
329
330
332
334
336
338
336
334
332
330
330
330
332
333
335
336
337
337
336
334
332
331
330
329
331
332
335
336
337
336
334
331
330
330
330
332
334
336
336
337
336
334
332
331
329
330
332
335
336
337
337
335
334
332
330
329
330
332
333
335
336
337
337
336
335
333
331
330
330
332
333
336
337
337
336
335
333
331
330
329
330
331
332
334
336
337
337
336
335
333
331
330
330
330
332
334
336
337
337
335
334
331
330
330
332
333
336
338
337
335
333
331
330
330
331
333
334
335
336
337
