305
306
306
305
304
303
300
299
298
298
301
302
305
306
305
304
302
300
299
298
298
298
299
301
302
304
305
306
306
304
303
302
300
299
298
299
298
298
300
301
303
305
306
306
305
303
302
300
299
298
298
298
299
300
301
302
304
305
306
306
306
304
303
302
300
299
298
298
298
298
299
300
301
301
303
304
305
305
306
307
306
306
306
305
304
304
303
303
301
300
299
299
298
298
298
300
301
302
304
305
306
307
306
305
303
303
300
299
298
298
299
301
301
304
305
306
306
306
306
306
306
306
305
304
303
303
302
300
299
298
297
298
299
301
304
305
306
305
303
302
299
298
298
299
301
304
305
306
305
303
300
299
297
299
301
304
306
306
303
300
298
298
301
304
306
306
303
300
298
299
301
305
306
306
303
300
298
298
300
302
305
306
304
300
298
298
301
305
306
304
300
298
298
300
303
305
306
305
303
300
