295
299
300
300
297
294
292
294
296
300
301
300
297
293
292
294
296
300
301
300
297
294
293
293
293
296
299
301
301
300
297
294
293
293
294
296
300
300
301
298
297
295
294
293
293
293
293
295
296
299
300
301
301
300
298
297
295
294
293
292
293
293
294
296
296
297
299
300
301
301
302
301
301
301
299
299
298
298
297
295
295
294
293
294
296
297
300
302
303
302
301
300
299
301
300
303
293
308
304
297
298
298
300
301
302
301
305
297
290
293
293
293
294
295
298
301
301
302
304
305
302
298
299
299
296
296
295
294
295
296
298
300
302
303
303
301
298
296
295
294
295
295
296
298
298
299
301
303
303
304
303
301
301
299
297
296
295
296
296
298
299
300
303
305
304
302
300
297
296
296
299
302
304
304
303
301
298
297
297
299
302
304
305
304
302
301
298
297
297
298
300
302
304
305
304
302
299
297
297
300
