343
341
339
337
337
340
344
343
339
337
340
344
343
339
337
340
344
342
338
337
341
344
342
339
337
339
343
344
341
337
338
342
344
341
338
337
341
344
342
338
337
340
343
344
341
337
339
343
344
342
338
338
342
345
342
338
337
339
343
344
341
337
338
342
344
343
339
337
338
341
344
344
341
338
337
339
343
344
342
339
337
338
341
344
344
341
338
336
338
341
344
344
341
338
337
339
342
345
343
339
337
337
342
344
343
340
337
337
340
344
343
339
337
337
340
343
344
342
338
336
337
341
343
344
341
338
336
337
340
343
344
341
338
336
339
342
344
342
339
336
338
342
344
343
341
337
337
339
342
344
343
340
337
337
339
342
344
343
340
337
337
339
342
343
344
342
338
337
336
339
342
343
344
342
340
338
337
339
341
343
344
342
340
337
337
339
341
343
345
344
342
339
337
336
337
339
341
343
345
344
