334
333
333
333
333
334
335
337
339
340
340
338
337
334
333
333
333
335
336
338
339
340
340
340
339
337
337
335
334
333
332
332
333
334
335
336
338
339
340
340
339
337
336
334
333
333
333
332
332
332
332
333
333
333
335
335
335
337
338
338
339
340
340
340
339
338
337
336
334
334
333
333
333
332
332
332
332
333
333
334
335
335
336
338
339
339
339
340
340
339
339
338
337
337
335
334
333
332
333
333
335
336
338
339
339
340
341
340
340
339
338
338
338
338
338
339
339
339
340
340
340
339
339
338
338
337
337
335
334
333
333
332
333
333
334
335
336
338
339
339
340
341
340
339
338
338
337
336
335
334
334
333
332
332
333
333
333
333
333
334
334
334
334
335
335
335
336
336
338
338
339
340
341
340
340
338
336
334
334
333
335
336
339
340
341
341
340
338
338
336
334
333
333
334
336
338
339
341
341
339
