308
311
314
315
313
310
308
307
309
311
314
315
315
313
311
308
307
307
308
310
313
314
316
315
312
311
308
307
307
308
309
311
314
315
315
315
314
312
309
308
306
307
310
313
314
315
315
312
310
308
307
307
308
309
310
313
314
315
315
314
312
311
308
308
307
307
308
309
310
313
314
315
315
315
315
314
313
312
311
309
309
308
307
307
306
307
307
308
309
310
311
313
313
314
315
316
315
315
314
312
312
311
310
308
308
308
308
307
307
306
306
306
306
307
307
307
308
308
309
309
309
310
310
310
311
313
313
313
314
314
315
314
315
315
314
313
312
312
312
311
310
308
308
308
307
307
306
307
306
306
307
308
309
309
309
310
311
312
313
313
314
314
314
315
314
314
313
312
312
312
311
310
309
308
308
308
307
307
306
306
306
306
306
306
307
308
309
310
312
313
313
314
314
315
315
314
313
312
310
308
