332
334
335
334
331
329
328
330
333
335
335
332
329
327
329
332
335
335
333
329
328
330
334
336
335
333
329
328
330
334
336
335
332
329
329
332
335
336
334
331
329
329
331
334
336
336
336
333
330
328
330
332
335
337
336
334
331
329
329
331
335
336
336
335
333
331
330
329
331
332
335
336
337
336
334
331
330
329
330
332
334
335
337
336
334
331
330
329
331
332
335
336
336
336
334
331
330
329
329
332
335
336
336
334
331
329
330
332
335
337
336
334
331
329
330
332
335
337
335
332
329
329
331
335
336
334
331
329
330
332
335
336
336
334
330
328
330
333
336
336
334
331
330
330
333
336
336
333
330
329
332
336
337
335
332
330
330
333
336
337
336
334
331
330
332
335
336
336
334
331
330
332
335
337
336
333
331
329
331
333
336
337
335
331
329
331
334
337
336
334
331
329
331
334
336
336
332
329
330
334
