312
311
310
309
309
310
311
312
312
313
315
316
317
318
318
317
316
315
315
314
313
311
311
310
310
309
309
310
312
312
313
315
316
317
318
318
318
318
317
316
315
315
313
311
311
309
309
309
310
312
313
316
317
318
318
315
313
311
309
309
310
312
315
317
318
318
318
316
315
315
312
311
310
310
309
309
310
311
312
312
313
316
316
317
317
318
318
318
318
317
316
315
312
311
314
311
310
310
311
313
314
317
318
319
318
316
315
312
310
309
309
311
312
315
317
318
318
318
316
314
312
311
310
309
309
310
312
313
317
317
318
318
319
319
318
318
316
316
315
320
314
314
310
310
312
311
312
313
315
317
318
317
315
314
311
310
310
310
312
312
314
316
317
318
319
319
318
317
316
315
314
313
312
311
310
310
310
310
311
312
313
313
314
315
316
316
317
316
317
317
317
317
318
318
318
319
318
318
318
318
