335
333
331
330
330
331
332
334
336
337
337
337
336
334
332
331
330
331
332
334
335
337
337
336
335
333
331
330
330
332
333
335
337
337
336
335
332
331
330
331
333
335
337
337
335
331
329
330
333
335
337
337
334
331
329
330
333
336
337
335
333
331
329
330
332
333
336
336
336
335
333
331
329
330
332
335
336
337
335
333
330
329
329
331
332
335
336
336
335
334
332
330
329
328
330
331
333
335
336
335
333
331
329
329
331
334
336
336
334
333
330
329
329
329
331
334
335
336
334
331
329
329
330
332
334
336
336
335
334
333
331
330
328
329
331
334
336
336
334
330
330
329
331
333
335
337
336
334
333
331
329
329
329
331
332
334
335
336
337
336
336
334
333
331
330
330
329
330
331
332
334
335
336
337
336
334
332
331
330
330
331
332
334
336
337
337
336
335
334
332
331
330
329
330
331
332
334
336
337
337
