343
353
356
357
358
359
359
360
360
360
360
360
361
361
361
362
362
363
363
363
363
363
363
363
363
363
363
363
364
365
365
365
365
365
366
366
366
366
366
365
364
364
363
362
361
361
360
360
360
360
360
359
360
360
360
361
361
361
361
362
362
362
362
362
362
363
363
363
363
363
362
362
362
362
362
362
361
362
361
361
361
361
361
362
362
362
362
363
363
363
363
363
363
363
363
364
364
365
365
365
365
366
367
367
368
368
368
369
369
369
370
370
370
370
370
370
370
370
370
371
371
371
370
370
369
369
368
366
365
365
364
364
364
364
364
365
366
366
367
369
370
371
371
371
371
371
371
371
370
369
369
369
368
366
366
365
365
365
364
365
364
364
365
365
365
365
367
367
368
368
370
370
371
371
372
372
373
373
372
372
372
372
372
372
371
371
371
370
370
371
372
371
372
373
373
371
372
373
373
372
