319
319
319
320
320
319
319
319
318
317
316
315
314
313
312
312
311
312
312
312
313
314
314
315
315
317
318
319
319
320
319
317
315
314
313
312
312
312
313
315
315
316
318
319
320
320
321
320
320
319
318
317
317
315
315
314
313
313
313
313
315
316
317
319
320
320
321
320
320
318
317
315
314
313
313
314
316
317
319
320
321
321
321
320
318
315
314
313
314
316
318
320
321
321
321
320
319
318
316
315
314
313
314
314
315
316
317
318
319
320
321
322
322
322
322
322
322
321
320
319
319
318
316
315
314
314
314
315
316
317
317
318
320
321
322
322
321
320
319
317
315
314
314
314
317
318
321
322
322
321
320
318
316
315
314
314
315
317
317
317
317
318
318
320
320
322
322
322
323
322
323
321
320
319
319
317
316
315
314
315
317
318
320
321
322
323
323
324
323
323
323
323
321
321
321
320
320
318
317
317
