298
302
304
303
301
297
296
299
303
305
302
298
295
298
302
304
304
300
297
296
299
302
304
303
299
296
296
299
303
304
302
298
296
296
299
303
304
301
297
295
298
302
304
303
300
296
296
299
304
304
300
296
296
299
303
304
301
297
296
299
304
303
300
296
296
301
304
301
297
295
299
303
304
301
298
296
296
299
302
304
304
301
297
295
296
299
302
304
304
301
297
296
296
299
303
304
302
299
296
296
299
302
305
303
300
296
296
299
303
304
301
297
296
298
302
304
303
298
296
297
301
304
303
298
295
299
303
304
301
296
296
299
304
304
300
296
296
299
303
305
302
298
296
297
300
304
304
301
298
296
296
299
303
304
302
298
296
296
299
304
304
301
296
296
299
303
304
301
298
295
297
300
303
304
303
301
297
296
299
301
303
304
303
301
298
296
296
299
303
305
303
299
296
296
299
302
305
303
298
296
