337
335
333
332
333
335
338
339
339
338
337
334
333
332
333
335
336
338
339
339
339
339
337
336
334
333
332
332
334
335
337
339
340
339
338
336
334
333
333
332
333
334
336
338
339
340
339
339
337
337
334
333
331
333
335
337
338
339
340
339
339
337
337
336
334
334
333
333
332
332
332
333
334
334
335
337
338
339
340
339
338
337
336
334
333
332
332
332
333
334
335
336
337
338
338
339
340
339
339
338
337
337
336
336
334
333
333
333
332
332
332
332
332
332
332
332
332
332
332
332
332
332
332
333
333
333
334
335
335
338
338
339
340
340
339
338
337
335
334
333
332
333
335
335
338
339
340
340
339
338
336
334
333
332
333
335
336
339
340
340
339
338
337
334
333
332
333
333
335
336
337
338
339
340
340
340
338
337
335
334
333
332
333
334
335
336
337
338
338
338
338
338
339
340
341
340
339
338
337
336
