306
303
301
302
303
305
308
309
310
308
306
304
302
302
301
302
304
305
308
309
309
309
309
307
305
303
302
302
302
304
306
308
309
310
308
306
303
302
301
303
304
307
309
309
314
305
307
306
305
304
303
302
301
302
302
303
304
306
308
309
309
310
309
307
307
305
303
302
301
302
302
304
305
306
308
309
313
305
308
306
305
302
301
302
304
305
308
310
310
309
307
305
303
302
302
304
306
308
309
309
307
305
302
302
301
303
304
306
308
309
309
310
309
307
307
305
303
302
301
302
304
305
308
309
309
310
308
306
304
303
302
302
304
305
309
310
310
307
306
302
302
302
304
305
308
309
310
309
307
305
302
301
302
304
308
309
310
309
309
302
308
304
306
303
307
311
311
308
316
300
301
303
308
295
300
304
307
309
310
310
308
307
304
303
302
302
302
303
304
305
305
306
308
309
309
310
311
310
310
308
