369
368
367
366
363
362
362
362
364
365
367
368
369
369
368
367
366
363
362
361
362
364
365
367
368
368
369
368
368
366
364
362
362
362
362
364
366
368
367
368
366
365
362
361
362
365
358
362
366
366
366
367
367
367
365
365
364
362
361
361
361
360
361
361
363
363
365
366
368
368
367
366
365
362
361
361
360
361
363
364
366
367
368
368
366
364
362
361
360
360
361
362
363
365
366
367
368
367
365
362
360
360
362
363
366
367
366
364
361
359
359
360
362
365
366
366
364
363
360
358
360
361
365
366
366
363
360
358
361
363
365
366
365
363
360
358
360
361
364
366
366
364
363
360
359
358
359
361
363
365
366
365
362
359
358
359
361
364
365
366
365
364
363
360
359
359
358
359
360
362
364
365
365
365
364
363
361
359
358
358
359
361
363
364
365
365
364
363
363
362
361
360
360
359
359
358
358
357
358
358
