340
338
338
337
335
335
334
333
334
334
336
337
339
340
342
340
339
336
334
334
334
336
337
340
341
341
341
338
335
334
334
336
339
341
341
339
338
335
333
334
337
340
341
341
340
338
336
334
333
335
336
339
341
341
339
338
335
333
334
336
339
340
342
341
339
338
336
334
334
335
336
339
340
341
341
339
337
335
333
334
336
339
341
342
341
339
338
335
334
334
334
336
339
341
341
339
337
335
334
334
334
336
337
339
341
342
341
339
338
336
335
333
334
336
338
340
341
341
339
337
335
334
335
337
340
341
341
339
336
334
335
336
340
341
341
339
336
334
334
336
338
340
342
341
339
336
335
335
337
339
341
341
339
336
335
334
336
340
341
341
339
336
335
334
334
336
337
339
340
341
341
341
339
336
335
334
335
338
340
342
341
339
335
334
334
337
339
340
342
341
339
338
336
335
334
336
337
340
341
342
