310
310
308
308
308
307
307
307
306
306
305
306
306
306
307
307
308
308
309
309
309
309
309
309
310
311
312
312
313
313
314
314
314
314
313
312
311
311
311
311
310
310
310
309
308
308
307
307
307
307
306
306
306
306
305
305
305
306
306
306
306
307
307
308
308
309
310
311
312
312
313
313
313
314
314
315
314
314
314
314
314
314
313
313
312
311
311
311
311
310
310
309
308
307
306
306
306
305
306
306
307
308
308
309
311
312
313
314
314
314
314
313
312
311
311
311
310
310
309
308
308
307
307
307
306
306
306
305
306
306
307
308
308
309
310
312
312
312
312
313
313
313
313
314
313
314
314
313
313
313
314
313
313
313
312
311
311
311
311
310
309
308
307
307
307
306
306
305
306
305
305
306
306
308
308
309
310
311
312
312
312
312
312
313
313
313
313
313
314
314
314
314
314
313
313
313
313
313
313
313
