300
302
302
301
299
296
294
294
295
297
301
302
302
300
296
295
294
295
297
300
302
302
302
299
297
295
293
295
297
301
301
302
299
297
295
293
294
297
301
301
301
299
296
295
293
293
296
297
299
301
302
302
301
299
298
296
294
293
293
294
296
298
300
301
301
299
298
295
294
293
294
296
298
300
302
301
298
296
294
292
293
295
299
301
301
299
297
294
292
294
296
299
301
301
298
295
293
293
296
299
301
301
298
295
293
293
295
299
301
301
298
295
293
293
295
299
301
301
298
296
293
293
295
297
300
301
298
297
294
293
293
295
298
301
300
298
294
292
293
296
299
301
299
297
293
292
293
296
300
300
298
294
293
292
295
297
300
300
298
294
292
293
296
299
301
299
296
293
292
293
295
299
300
300
301
299
298
296
293
293
292
295
297
300
301
300
297
294
292
293
295
298
300
301
300
298
294
293
292
293
