300
301
303
303
304
306
307
308
308
309
308
307
306
305
302
301
300
301
303
305
307
309
308
306
304
302
300
301
301
304
306
308
308
309
308
307
306
304
302
301
300
300
302
304
306
308
309
308
305
302
301
301
303
307
308
309
306
305
302
301
301
304
307
309
309
306
304
302
301
302
304
308
309
309
307
304
302
300
302
304
307
308
310
308
306
302
301
303
307
309
309
307
303
300
302
305
308
309
309
307
303
302
302
304
307
309
310
307
303
302
302
305
309
310
308
304
302
302
304
308
309
309
307
304
302
301
302
305
308
309
309
307
303
302
301
302
305
308
309
309
307
304
302
301
303
305
307
309
310
309
306
304
302
302
304
306
308
310
308
306
303
302
301
302
304
305
308
309
309
308
306
303
302
302
301
302
304
307
308
309
309
307
306
303
302
301
302
303
304
306
308
309
310
309
308
306
303
302
301
302
