319
319
316
313
312
312
314
318
319
319
316
315
312
312
311
314
315
318
319
319
318
316
313
312
311
312
314
317
318
319
318
316
314
312
311
311
313
314
317
318
320
319
317
316
313
312
312
311
311
311
312
314
315
317
318
320
318
317
315
312
312
311
313
315
318
319
319
318
316
313
311
311
314
317
319
319
316
313
311
311
312
314
317
319
320
318
317
316
313
312
311
312
312
314
314
317
318
318
319
320
319
319
317
317
316
313
313
312
311
312
314
315
318
319
320
319
318
316
314
313
311
311
312
314
315
318
319
319
318
316
313
312
312
312
312
314
316
318
319
320
319
318
316
314
313
312
311
312
314
316
318
319
320
319
317
316
314
313
312
312
311
312
313
315
316
318
322
322
318
319
318
317
316
314
312
311
312
314
316
318
319
319
318
317
314
313
312
311
312
314
315
316
318
318
319
320
319
318
314
311
