362
362
362
363
364
364
365
367
368
369
369
368
367
366
363
362
362
361
362
364
358
361
361
362
366
364
360
363
368
375
357
354
361
364
366
368
367
368
368
368
368
365
366
366
365
363
363
362
361
360
355
358
360
360
360
362
362
362
363
365
366
367
368
368
368
368
366
366
365
365
365
363
362
362
361
360
361
360
360
360
361
362
364
366
368
368
368
367
365
363
361
361
359
360
360
360
361
361
362
364
366
366
367
367
368
367
367
367
365
363
361
360
360
361
362
365
366
367
366
365
364
363
362
362
361
360
360
360
361
362
364
366
367
367
366
365
362
361
360
361
363
364
366
367
368
368
368
366
365
363
362
361
361
361
363
364
366
367
369
368
366
366
363
362
361
361
362
363
365
367
368
369
368
367
366
365
364
362
362
361
361
361
363
363
364
366
366
367
367
368
368
368
368
367
367
366
365
364
362
362
