338
337
337
338
339
340
342
343
345
345
344
343
342
340
339
338
338
337
338
338
339
340
340
341
343
344
344
345
345
345
345
344
344
343
342
341
340
339
338
338
338
337
338
338
338
338
338
339
340
340
341
343
344
345
346
345
344
343
342
340
339
338
337
337
338
340
340
342
344
344
345
345
343
342
340
338
338
338
338
339
340
341
343
344
345
345
343
342
341
339
339
338
337
338
338
340
340
343
344
345
345
345
343
342
339
339
338
337
338
338
340
342
343
344
345
345
344
344
343
342
341
339
339
338
338
337
338
339
340
343
344
345
344
342
340
338
337
338
340
342
343
345
344
344
342
339
338
336
338
340
343
344
344
342
341
338
337
337
338
339
342
343
344
344
344
342
341
339
338
336
337
339
340
342
343
344
344
344
342
341
339
338
337
338
339
341
343
344
345
344
344
343
342
341
338
337
337
339
340
342
