337
334
332
333
336
339
339
336
333
332
334
337
339
337
334
332
332
336
338
338
336
332
331
333
335
338
338
336
334
332
331
333
332
335
335
334
331
329
331
333
336
338
338
336
334
332
332
334
337
339
339
337
334
332
333
335
338
339
339
337
333
331
333
335
337
339
339
337
330
327
325
327
330
332
335
336
337
336
335
332
331
331
332
333
336
338
339
339
337
336
333
332
332
332
334
337
338
339
337
335
333
331
332
334
337
338
338
336
333
331
332
333
337
338
338
337
335
333
332
331
333
335
337
338
337
334
332
331
333
337
339
337
333
331
331
334
337
338
336
332
331
333
336
338
336
332
331
334
338
338
335
332
331
333
336
338
337
335
326
327
330
334
336
335
333
330
329
332
335
337
337
335
332
331
331
333
337
339
338
335
332
331
332
335
338
338
335
332
331
333
336
338
338
335
332
331
333
337
338
335
