342
344
346
349
350
349
348
345
344
342
343
344
347
349
350
349
347
344
343
342
343
345
347
349
350
349
348
347
344
342
342
343
344
347
348
350
349
347
345
343
341
342
344
345
348
348
349
347
345
343
341
342
344
348
349
347
343
341
341
343
347
348
348
346
343
342
342
344
347
348
349
348
346
344
343
341
342
344
346
348
349
348
346
343
342
341
342
343
345
347
348
348
347
346
343
341
341
343
344
347
348
348
348
346
343
342
340
342
343
346
348
348
347
345
343
341
341
342
344
346
348
348
347
345
342
340
341
343
346
348
347
345
343
341
341
340
342
343
346
347
347
347
345
343
342
340
340
340
342
343
345
347
347
347
345
343
341
340
340
341
342
345
346
347
347
346
345
344
342
340
340
340
342
345
347
347
346
344
342
340
340
341
343
345
346
347
347
345
344
341
340
339
340
341
345
346
346
345
343
341
