302
301
300
302
303
306
308
308
309
307
306
303
301
300
301
304
304
307
309
309
308
306
303
302
302
301
302
303
304
304
306
307
308
309
310
310
309
307
306
305
303
302
301
302
304
305
308
309
311
310
308
307
304
303
302
302
304
306
309
310
310
309
307
304
303
303
305
308
310
311
310
308
306
303
302
302
303
305
308
310
311
310
308
306
304
303
303
305
306
309
310
311
309
308
305
303
303
304
306
309
310
311
311
308
307
305
303
303
305
307
310
311
311
309
308
305
304
304
304
306
307
310
311
312
312
309
308
306
304
303
304
305
307
308
310
311
312
312
311
309
306
305
304
305
307
310
311
312
310
308
305
305
307
310
312
312
310
309
306
304
306
308
311
312
312
310
306
305
305
307
309
311
313
313
312
310
310
307
306
305
305
307
309
312
313
313
311
310
307
305
305
307
308
309
311
312
313
313
313
313
