340
337
334
332
334
338
339
339
336
333
332
335
338
340
339
336
333
332
334
337
339
340
339
337
334
332
332
334
336
338
340
340
338
336
334
333
333
335
338
339
340
340
338
336
334
334
333
335
337
339
340
341
339
337
335
334
334
336
338
340
342
341
338
336
334
334
337
340
342
341
339
337
335
334
334
335
336
338
341
342
342
340
338
336
335
335
337
340
342
342
340
337
336
334
335
337
338
340
342
342
341
339
336
334
336
338
341
342
342
340
337
335
335
337
338
341
342
342
341
340
339
337
336
335
335
336
337
340
342
342
339
337
335
335
337
338
341
343
342
340
337
335
335
337
340
342
342
340
337
335
335
337
339
341
343
342
340
338
336
335
336
338
340
342
343
342
340
338
336
335
336
338
341
342
342
339
336
334
336
338
341
342
342
342
340
337
336
334
335
337
339
341
343
342
340
337
335
335
337
338
