298
300
301
304
305
305
303
302
299
297
297
298
300
302
304
305
306
305
302
302
299
298
296
297
299
300
304
305
305
303
299
297
298
300
304
306
304
302
298
297
298
300
304
306
304
302
298
297
297
300
303
304
306
305
303
302
299
297
297
298
300
303
305
305
304
302
302
299
298
298
297
297
298
300
300
303
305
305
304
302
298
297
298
300
304
305
305
302
301
298
297
297
297
300
300
303
305
306
305
303
302
299
298
297
297
297
298
300
300
303
304
305
305
305
305
303
302
302
301
299
298
297
297
297
297
298
300
299
300
301
303
304
305
305
305
305
304
302
302
300
299
298
297
297
297
299
300
301
303
304
305
306
305
304
302
301
298
297
297
298
300
302
304
305
305
304
302
299
297
297
299
301
304
306
305
302
298
297
297
300
303
305
305
302
299
297
297
299
302
304
305
304
302
299
297
297
299
300
304
305
