303
304
304
301
301
297
297
296
295
296
296
296
298
299
300
302
303
304
303
301
299
297
296
295
296
297
298
299
302
302
304
303
304
304
303
303
303
301
301
300
300
299
298
296
296
296
295
296
297
298
299
301
302
303
303
304
304
303
301
300
298
296
295
296
298
302
303
303
301
299
296
296
295
298
300
302
304
303
301
299
297
295
295
296
298
301
303
304
303
301
299
297
296
296
298
300
302
303
303
301
298
296
296
295
297
298
301
302
303
304
304
303
301
300
298
297
296
295
295
296
297
298
298
299
299
301
302
302
303
304
304
303
301
300
297
296
295
295
296
297
298
299
301
302
302
302
303
303
300
300
297
296
295
294
295
295
297
298
299
301
302
302
303
303
303
302
300
299
297
296
295
295
298
301
303
303
300
297
295
295
296
298
301
303
303
302
300
299
296
295
295
297
299
302
302
303
300
296
295
295
