309
308
308
309
309
311
312
314
315
316
316
317
316
314
310
309
308
309
311
315
317
316
313
309
308
311
314
316
316
313
310
308
309
312
315
317
316
314
310
309
308
311
313
316
317
314
312
309
308
311
314
316
316
312
309
308
311
316
316
312
309
308
311
314
316
316
313
309
307
309
311
315
317
315
311
309
308
311
315
317
314
310
308
309
311
315
316
314
311
309
308
310
312
315
317
315
313
310
308
308
310
314
316
316
313
310
308
308
311
314
316
315
313
309
307
309
312
315
316
314
310
308
308
311
314
316
316
313
310
308
308
310
313
315
316
313
310
308
309
312
315
316
313
309
307
310
314
316
313
309
308
311
315
316
313
310
308
308
311
315
316
312
309
308
311
314
316
315
312
308
307
310
313
315
316
313
311
309
308
307
310
312
315
316
314
312
308
306
308
310
314
315
315
313
309
308
307
310
312
315
