346
345
344
344
344
343
343
342
342
342
343
343
344
345
346
348
349
350
351
350
349
349
348
347
347
345
344
343
341
343
345
345
348
349
349
350
351
350
350
350
350
350
349
349
348
348
347
347
347
347
346
345
344
343
343
342
342
343
344
345
347
349
349
350
351
350
350
350
350
350
349
348
347
346
344
343
342
341
342
343
344
344
345
345
346
348
348
349
349
350
350
351
351
350
350
350
350
350
349
348
348
348
347
347
346
344
344
344
343
342
342
342
342
342
342
342
342
342
342
342
342
342
342
343
343
344
346
348
349
351
350
348
346
343
342
342
344
345
348
349
350
350
349
347
346
344
343
342
341
342
342
344
345
346
348
349
349
349
349
349
350
350
350
351
351
350
350
349
349
348
347
347
344
344
343
342
342
342
342
342
343
345
345
346
348
348
349
350
351
350
349
348
347
345
343
342
342
343
343
345
