331
332
331
329
326
325
324
323
324
326
326
327
329
331
331
331
332
332
330
328
326
325
324
324
325
327
328
328
331
331
332
333
332
333
333
332
332
330
330
327
326
325
325
325
325
327
328
330
332
333
333
333
333
331
330
330
327
326
326
326
325
326
327
328
329
331
332
333
335
334
333
331
329
327
326
326
326
326
326
326
327
328
328
329
329
331
332
333
334
334
334
335
335
335
334
334
332
332
331
329
328
327
326
327
328
330
331
333
335
335
335
334
332
332
329
328
328
327
327
327
328
329
330
330
332
333
334
335
336
336
335
333
331
329
328
328
329
331
332
334
335
336
337
336
335
334
333
331
330
329
329
328
328
329
330
331
332
334
336
336
337
337
336
334
334
333
331
331
330
330
330
329
330
330
330
332
332
333
335
336
338
337
338
337
337
336
335
335
335
334
333
332
332
331
330
330
330
330
331
331
