339
340
343
344
345
344
343
341
339
338
337
339
341
343
345
344
342
339
338
337
339
342
344
344
343
340
338
337
339
342
344
344
342
339
337
338
341
344
345
344
342
338
337
338
340
343
345
343
339
338
338
340
343
345
342
340
338
337
339
341
344
344
342
339
337
340
343
345
344
340
338
337
340
343
344
344
342
339
338
337
340
343
344
344
341
338
337
339
343
345
342
339
337
338
340
343
345
343
340
337
338
340
343
345
344
342
338
337
340
343
345
343
340
338
337
340
344
345
342
339
337
339
343
345
342
339
336
339
343
344
343
341
338
338
340
344
345
342
339
337
338
340
343
345
344
341
338
337
339
341
343
345
343
339
338
338
340
343
345
344
342
339
338
338
340
341
344
345
344
342
339
338
337
339
341
344
345
344
342
339
338
337
338
340
341
343
345
345
344
344
342
341
339
339
338
338
337
337
338
340
