296
295
299
303
304
300
296
296
298
302
304
303
300
296
295
298
302
304
301
297
296
296
299
303
303
301
297
296
296
299
303
304
303
301
297
295
297
299
303
304
301
297
296
296
298
302
304
304
301
298
296
296
298
302
304
304
301
297
295
295
298
302
304
304
301
300
296
296
296
298
302
303
304
301
300
296
295
296
299
303
304
303
300
297
295
295
298
299
302
304
302
300
296
294
296
299
303
304
302
299
296
295
296
299
302
304
303
300
297
295
295
297
299
303
303
304
301
300
297
296
296
298
302
303
304
301
299
296
295
297
299
302
304
303
300
297
295
296
299
302
303
303
301
298
296
295
296
298
301
303
304
302
300
297
296
294
295
296
298
298
300
302
303
304
303
301
299
297
296
295
295
296
298
299
302
303
303
301
299
296
296
295
297
299
302
303
304
304
303
302
301
300
299
297
296
296
295
295
295
295
