298
299
299
299
301
303
304
304
304
305
304
304
302
301
298
297
297
296
297
299
301
304
305
305
304
301
298
297
296
297
299
301
304
304
304
302
298
297
296
298
300
304
304
305
302
301
298
297
296
297
300
303
304
305
304
303
302
300
298
296
296
299
301
304
305
304
302
299
297
296
296
297
299
300
302
304
304
304
302
300
297
296
299
301
304
305
303
300
297
296
299
303
304
304
301
297
296
299
303
304
304
300
296
296
299
303
305
302
299
296
296
299
303
305
304
300
297
296
299
303
305
302
297
296
299
304
304
301
296
297
300
304
304
300
297
296
299
303
305
302
299
297
297
299
303
304
304
302
298
296
297
300
304
305
302
298
297
297
299
303
304
304
303
300
297
296
300
304
305
302
298
296
296
299
303
304
304
301
297
296
299
303
304
304
301
297
296
299
303
304
304
302
298
296
297
300
303
305
303
300
