300
300
300
301
303
304
307
308
308
308
307
306
305
303
302
301
301
300
300
300
300
300
301
302
303
303
304
306
306
307
307
308
309
308
307
306
305
302
301
301
300
300
301
302
303
304
306
307
307
308
309
308
307
305
302
301
300
300
303
304
307
308
308
307
304
301
300
300
302
304
307
308
308
306
305
302
300
300
301
303
307
309
307
305
302
301
299
300
303
304
307
308
308
305
303
301
299
301
303
306
307
309
308
306
304
301
300
300
302
304
306
308
308
307
306
302
301
299
300
303
306
307
308
307
304
301
300
300
302
305
307
308
307
304
301
299
301
304
307
308
305
301
299
302
305
307
308
305
302
300
300
302
306
308
307
304
301
300
302
305
307
308
307
304
301
300
303
306
308
307
304
300
299
301
303
306
308
308
305
303
301
299
301
303
306
308
308
307
305
302
301
300
300
301
303
306
308
308
306
304
