306
306
308
309
310
312
313
314
315
314
312
311
308
307
307
309
310
314
314
314
312
310
308
308
307
309
311
313
315
315
315
313
312
309
308
306
307
308
311
311
313
314
315
315
316
316
315
313
312
309
308
307
307
307
310
311
314
315
317
316
313
310
308
307
310
311
314
315
316
316
315
313
313
310
309
308
308
311
312
315
316
316
316
314
312
310
309
308
309
311
312
314
315
316
317
316
316
314
313
310
309
308
308
310
312
314
316
317
317
316
313
312
310
309
309
309
310
312
313
315
316
316
317
316
318
317
317
316
315
314
314
311
311
310
310
309
310
310
310
311
311
312
313
314
316
317
318
318
315
315
312
311
310
310
311
313
313
314
316
317
317
318
318
318
319
318
318
318
318
318
317
317
315
315
314
312
311
310
311
313
315
317
318
318
317
316
315
313
312
311
311
310
311
312
313
314
316
317
318
318
