344
342
342
340
338
337
340
342
344
345
344
342
340
338
338
337
338
340
343
344
345
345
344
343
342
342
339
339
338
337
338
340
342
344
344
345
344
343
341
339
338
337
338
338
339
340
341
343
343
344
345
344
342
339
338
337
338
340
343
344
345
344
342
339
338
338
337
338
339
340
340
340
341
343
343
344
344
345
345
344
342
342
339
339
338
338
338
337
338
338
339
339
340
340
341
343
343
344
345
345
344
344
342
341
339
338
337
337
338
339
340
341
343
343
343
344
344
345
344
344
344
344
342
342
340
339
338
336
337
339
340
342
344
345
344
342
340
338
338
337
338
340
342
344
345
345
342
341
339
338
338
337
338
338
340
340
341
343
344
344
345
345
345
345
345
344
343
343
342
342
342
341
341
340
340
340
339
339
338
338
338
337
338
338
338
339
339
340
340
340
340
340
340
340
341
341
343
344
345
345
