296
296
296
296
296
297
297
297
298
299
299
300
300
300
300
300
300
300
300
301
301
301
301
303
303
304
304
304
304
303
302
302
300
299
299
298
298
297
296
296
295
295
296
296
297
299
301
303
304
304
303
302
299
298
296
295
296
297
298
300
301
301
303
304
304
304
304
303
303
302
301
300
299
298
296
296
295
296
297
297
299
301
301
303
303
304
304
303
303
303
302
302
300
299
298
298
297
296
296
296
296
296
295
295
295
295
295
295
295
296
297
298
300
300
301
301
302
303
304
304
304
304
303
303
304
304
304
303
303
303
303
302
302
302
302
302
302
302
302
302
303
303
303
304
303
304
304
304
303
301
301
300
299
298
297
296
296
295
296
297
298
300
302
303
303
304
304
303
301
301
298
296
295
296
299
302
303
304
301
300
297
295
296
298
302
303
304
303
300
297
296
295
296
299
302
304
304
303
301
298
