306
307
307
305
304
302
300
299
298
299
301
302
305
305
306
307
306
304
303
300
299
298
298
301
302
305
306
306
304
301
299
298
300
302
305
307
306
303
300
298
298
301
303
306
307
306
304
300
299
298
300
302
305
307
305
302
299
298
301
304
306
307
304
300
298
298
301
304
306
306
304
302
299
298
299
302
305
307
305
303
300
298
299
301
303
305
306
306
304
302
299
298
298
301
303
305
306
306
304
303
300
299
298
299
301
304
306
306
305
303
300
299
298
298
299
301
302
305
306
306
304
300
299
298
299
302
305
306
306
303
301
299
297
299
301
304
306
306
304
302
299
298
298
300
302
305
306
306
306
304
303
300
299
298
298
299
301
304
306
306
305
303
300
298
298
299
301
302
304
306
306
305
303
300
298
298
299
301
303
305
306
306
306
304
303
300
298
297
298
300
301
304
305
306
305
304
301
299
298
298
