365
365
368
370
372
372
370
367
363
364
366
368
370
371
370
369
365
363
363
364
366
369
369
370
369
368
365
364
362
363
371
365
369
372
358
364
363
362
363
364
360
369
370
372
370
369
368
366
365
364
363
363
364
382
361
368
370
369
368
364
364
363
365
366
369
370
371
370
368
367
365
363
362
363
364
366
368
369
369
368
366
363
362
362
364
361
368
374
362
364
365
363
362
360
361
362
363
365
367
368
368
369
369
368
367
366
364
362
362
362
361
362
362
381
364
366
383
368
345
358
362
364
365
366
367
367
368
367
368
367
366
363
361
360
361
363
366
367
368
366
365
362
361
360
360
361
362
363
364
366
368
368
368
366
363
362
361
362
364
366
368
368
368
366
364
362
361
361
361
365
365
365
368
369
369
367
366
363
363
362
358
361
361
363
363
364
364
364
364
367
390
371
366
368
368
368
369
369
370
370
