331
331
333
334
336
338
339
338
336
336
334
333
332
331
331
332
333
335
337
338
338
336
335
332
331
331
332
334
336
338
338
338
336
333
332
331
332
334
337
338
338
336
335
332
332
331
331
332
332
332
332
333
334
334
336
337
338
339
339
337
336
334
332
332
331
332
333
333
334
336
337
338
338
339
338
338
336
336
336
334
333
333
332
332
331
331
332
332
334
335
337
338
338
337
336
333
332
331
332
334
335
337
338
339
338
337
336
334
332
331
332
334
336
338
339
338
336
333
332
332
331
331
332
332
334
334
337
338
339
338
336
334
333
332
331
333
335
337
338
338
338
336
334
333
332
331
332
334
336
337
338
338
338
336
333
332
331
332
334
337
338
339
337
335
332
331
332
334
337
338
338
336
333
332
331
334
337
338
338
336
333
332
331
333
334
336
338
338
337
335
332
331
333
336
338
338
336
333
332
331
