337
338
339
341
342
344
345
345
346
345
345
344
343
343
343
342
342
341
340
340
339
339
338
338
337
338
338
338
338
338
338
338
338
338
338
338
338
338
338
338
338
338
338
338
338
338
337
337
338
338
338
338
339
339
339
340
340
340
340
340
340
340
341
342
342
343
343
343
344
344
344
345
345
345
345
345
345
345
345
345
345
346
346
345
345
345
344
344
344
344
344
344
344
343
343
342
341
341
340
340
340
338
338
338
337
337
338
338
339
339
339
340
342
343
343
343
344
345
345
345
346
345
344
344
344
344
343
343
343
342
341
341
341
341
341
340
340
341
341
340
340
340
340
340
341
341
343
343
343
344
344
344
344
345
345
345
345
345
345
345
345
345
346
346
345
345
345
345
345
344
344
344
344
344
345
344
344
344
344
343
343
343
342
342
342
342
341
341
342
342
342
342
342
342
342
341
340
340
340
339
