332
332
334
336
339
339
337
334
332
331
334
336
338
339
337
334
332
332
335
339
338
335
332
332
336
338
338
334
332
332
336
338
338
334
332
332
334
338
339
338
335
332
332
334
337
339
338
336
332
332
334
338
339
337
333
332
334
337
340
339
336
333
331
332
335
338
339
337
334
332
333
335
338
339
337
334
332
334
337
340
338
336
333
331
333
335
338
340
338
335
333
332
333
335
338
340
338
336
333
332
334
337
339
339
336
334
332
332
334
337
338
338
336
333
332
334
337
340
338
336
333
331
332
334
337
338
339
338
336
333
332
332
334
336
339
339
336
333
332
332
333
335
337
338
339
337
336
333
332
331
334
337
338
339
337
334
332
331
334
335
338
339
338
336
334
333
331
332
334
337
338
339
337
335
333
331
332
334
336
337
339
339
337
334
332
332
332
334
337
338
339
339
337
336
334
332
331
333
334
336
