362
362
363
363
363
362
362
361
360
359
358
357
357
356
355
356
356
358
359
361
363
364
362
361
360
358
357
356
356
356
358
360
362
364
362
360
358
356
356
357
358
361
362
363
363
361
360
357
356
356
357
358
359
361
362
363
363
362
361
360
359
358
357
356
356
358
359
362
364
362
361
359
357
356
355
356
357
358
358
359
359
359
360
361
361
362
363
363
363
361
360
360
358
357
356
356
355
356
357
358
361
362
362
363
361
360
357
356
355
356
356
358
358
359
361
361
362
363
363
363
362
361
360
359
357
357
356
356
355
356
356
356
357
358
359
361
362
363
362
360
359
357
356
354
355
356
358
358
360
362
363
362
362
360
357
355
355
356
358
360
361
362
362
361
360
358
356
354
356
358
360
362
362
360
358
356
355
356
358
361
362
361
359
357
355
354
355
357
357
360
361
362
363
362
361
360
359
356
356
355
