391
391
390
390
390
390
390
390
390
390
391
392
392
392
393
393
393
393
393
393
392
392
392
392
392
391
391
391
390
389
389
389
389
390
391
391
391
392
392
392
392
392
391
391
391
392
391
391
391
391
391
391
391
392
392
392
391
391
391
391
391
390
389
389
388
388
388
387
386
385
386
385
385
385
385
385
385
384
384
384
384
383
383
383
382
383
383
383
383
383
384
384
385
385
385
385
385
386
386
387
388
388
388
388
388
388
388
388
388
388
388
388
388
388
388
387
387
387
386
385
385
385
385
384
384
384
384
385
387
387
388
389
388
387
386
385
383
382
381
381
380
380
380
381
381
381
380
380
380
380
381
383
383
385
386
387
388
387
387
386
385
385
384
384
382
382
381
380
380
379
380
380
380
382
382
383
385
386
386
386
386
384
384
382
381
380
379
379
379
378
378
378
378
378
378
379
379
379
381
381
