343
343
343
341
340
340
340
339
339
338
338
339
339
339
341
342
344
345
345
346
346
346
346
345
345
344
343
343
343
342
340
340
339
339
338
339
338
338
337
338
337
337
338
337
337
337
337
337
337
337
338
338
339
339
340
341
343
343
344
344
345
345
345
346
346
346
346
345
345
345
345
345
344
343
343
343
342
342
341
341
340
339
339
339
338
338
338
338
338
338
338
338
338
338
338
338
337
337
338
338
338
339
339
341
341
342
342
342
343
342
342
342
342
342
341
340
340
340
339
339
339
338
339
338
338
339
339
339
339
340
340
341
341
342
342
344
345
345
346
346
346
346
346
344
344
343
341
340
340
339
339
340
340
341
342
344
345
346
347
346
346
346
345
344
344
343
341
341
340
340
340
340
342
342
344
345
346
347
347
347
345
344
341
340
340
342
344
346
347
347
345
344
341
340
340
341
342
344
346
347
