382
381
380
380
379
378
376
375
374
375
377
380
381
381
379
378
376
374
374
376
378
380
381
380
378
376
375
374
374
377
380
381
380
378
376
374
373
374
376
377
379
380
380
381
382
381
380
380
379
378
378
377
375
375
374
374
373
374
374
374
374
375
375
376
376
378
379
379
380
381
380
380
379
378
378
377
375
374
374
373
372
373
374
375
376
378
378
379
380
379
380
380
379
377
377
376
375
374
373
373
373
372
373
372
372
373
373
374
374
375
377
378
379
379
378
376
373
373
372
372
373
374
377
378
379
378
377
375
373
372
371
373
375
377
378
378
377
376
373
372
371
372
374
377
378
378
376
374
372
370
371
373
376
377
378
377
375
372
371
371
373
374
376
377
377
377
375
372
371
370
370
372
373
376
377
377
375
372
371
369
371
372
375
377
376
376
373
371
370
369
372
374
376
377
377
374
372
370
369
370
