349
346
345
348
350
352
351
349
346
345
348
350
352
351
348
345
346
349
352
352
350
346
346
348
351
353
352
350
347
345
346
348
351
352
352
350
347
345
346
348
352
353
352
350
347
346
346
348
350
352
354
352
350
347
346
346
349
351
353
353
352
351
348
346
346
348
351
353
353
350
347
346
346
348
351
352
353
352
350
348
346
345
346
348
349
351
352
353
352
351
348
347
346
347
349
352
353
353
351
348
347
346
348
350
353
353
350
347
345
347
349
352
353
351
348
346
346
349
352
353
351
347
345
347
350
352
353
352
350
347
346
348
352
354
351
348
346
347
349
352
354
352
350
347
346
347
350
352
353
352
349
346
345
347
350
352
352
349
347
345
345
348
351
352
352
350
347
345
345
347
350
352
352
351
349
346
345
345
347
349
351
352
352
350
347
346
345
346
348
350
351
352
352
352
350
348
346
346
345
346
