402
402
401
400
401
401
401
403
404
406
407
407
408
406
404
402
401
401
403
404
406
407
408
408
407
406
405
403
402
401
400
401
402
403
405
407
408
408
407
406
405
403
402
401
401
400
401
401
402
403
404
406
407
408
407
405
405
403
401
401
400
401
402
403
405
407
407
408
408
407
406
406
405
403
403
402
401
401
401
402
403
406
407
408
408
406
405
403
402
401
400
401
401
402
402
403
404
405
406
407
408
409
409
408
407
406
405
403
403
402
401
401
403
405
407
408
408
406
405
402
401
401
402
403
404
406
407
408
407
405
403
401
401
402
404
406
407
409
408
407
406
403
402
401
402
404
407
408
408
406
405
403
401
402
405
408
409
408
406
404
402
402
404
405
408
409
409
408
406
404
403
403
402
403
405
407
409
410
408
407
404
402
403
405
408
409
409
409
407
405
403
402
403
404
405
407
408
409
410
409
