383
380
379
378
380
382
385
386
384
381
379
379
380
383
385
386
385
383
382
380
378
379
381
384
385
386
384
381
379
379
380
382
384
386
385
383
380
379
379
381
384
386
386
384
382
379
378
380
382
385
386
385
383
381
379
378
379
381
383
385
386
386
385
384
383
382
380
379
378
379
379
381
383
384
385
386
385
385
383
382
380
379
378
379
381
382
384
385
385
386
385
385
384
383
383
381
380
379
378
379
380
381
382
383
384
384
385
385
385
385
385
386
385
385
385
385
383
383
383
383
382
381
380
379
378
378
377
378
378
379
380
380
381
382
383
384
384
385
385
385
386
386
385
385
385
384
383
383
381
380
379
379
378
377
378
379
380
381
383
385
386
385
383
382
380
379
378
378
380
381
383
384
385
386
385
385
383
383
382
382
381
380
380
379
379
378
378
378
378
378
380
380
380
380
381
381
382
383
383
383
