358
357
357
356
356
356
358
359
361
362
364
363
361
359
357
355
356
358
361
363
363
360
357
355
357
361
363
362
358
356
356
361
363
360
357
355
358
361
363
360
357
356
359
362
363
360
355
356
359
362
360
356
356
359
363
361
356
355
359
363
361
357
356
359
362
361
357
356
360
363
361
357
356
358
362
362
360
357
355
359
363
362
357
355
358
362
362
357
355
359
363
362
357
355
358
361
364
361
357
354
357
360
362
359
356
355
358
361
360
356
355
358
361
361
357
355
357
360
363
360
357
354
357
361
362
358
354
357
361
361
358
355
356
359
362
362
359
356
355
357
361
362
360
357
355
356
358
361
363
361
359
356
354
356
358
361
363
360
357
356
356
359
361
363
360
357
355
356
359
362
364
362
359
356
355
356
358
361
362
361
359
357
355
355
357
359
361
362
361
359
357
356
354
355
357
360
361
362
360
358
