350
351
352
352
350
348
346
345
346
349
351
352
350
348
346
344
346
347
350
352
352
350
347
345
346
348
350
352
352
350
347
345
345
347
349
351
353
351
349
346
345
345
347
350
351
352
351
349
347
345
345
346
348
350
352
352
351
349
346
345
345
347
349
351
353
352
350
348
346
345
344
345
346
347
348
350
351
351
352
352
351
349
346
345
344
345
347
349
351
352
352
352
350
348
346
345
345
347
349
351
352
352
351
349
346
345
345
346
348
350
351
352
352
351
349
347
345
344
345
347
348
351
352
351
349
346
345
347
350
352
352
350
347
345
346
347
350
352
352
350
348
346
345
348
351
352
352
350
346
345
346
349
352
353
352
349
347
346
348
351
353
353
350
347
345
347
349
352
352
350
346
344
347
351
352
349
346
345
347
350
352
350
347
345
345
348
351
352
349
346
345
345
347
350
352
351
348
345
344
347
