395
393
392
391
391
392
393
394
396
397
398
398
397
396
395
392
391
391
391
393
396
398
398
399
398
398
398
396
395
393
392
391
392
394
395
397
398
399
400
399
398
397
395
393
392
392
393
395
397
398
399
400
399
398
397
396
394
393
392
393
395
397
399
400
399
397
396
394
393
392
392
394
395
398
399
400
400
399
397
395
394
393
392
392
393
395
397
399
401
399
397
395
393
393
395
396
399
400
400
399
397
395
394
393
393
393
396
399
401
399
397
394
392
394
396
399
401
400
398
395
393
392
393
395
398
399
401
399
398
395
394
392
392
395
395
397
399
400
401
400
398
397
395
393
392
393
395
396
399
400
400
398
396
394
393
393
394
396
398
399
401
399
398
396
394
393
392
394
396
398
399
401
400
398
396
394
393
393
395
397
399
400
398
396
394
393
395
396
399
400
400
398
397
394
393
393
395
396
399
400
