391
392
392
392
391
390
390
389
387
386
385
385
385
385
386
386
386
387
388
388
388
389
390
391
392
393
393
394
394
394
393
393
392
391
391
391
390
389
389
388
388
387
387
387
387
387
388
388
388
388
388
389
389
389
389
391
391
392
393
394
395
396
396
396
396
394
394
392
391
390
390
389
389
389
390
390
390
391
392
393
394
396
397
398
399
398
398
397
397
396
396
395
394
393
392
392
392
391
392
392
393
393
394
394
395
396
397
398
399
400
400
399
397
395
393
393
393
395
396
399
399
400
402
401
399
398
395
394
393
394
395
396
397
398
399
400
401
402
402
402
401
400
399
398
397
396
395
395
395
396
397
398
401
402
403
403
401
400
397
397
396
397
397
399
400
400
402
402
403
403
404
404
404
404
405
405
405
405
405
404
403
403
402
400
399
399
399
398
398
398
398
399
399
399
400
401
401
402
403
404
