388
389
389
389
389
390
390
390
390
390
389
389
388
388
387
386
385
386
386
387
387
389
390
390
393
393
392
392
391
388
388
385
386
386
386
387
388
390
391
392
392
393
392
391
389
388
387
386
386
386
387
389
390
392
393
392
392
392
391
390
389
388
387
386
385
385
384
385
385
386
387
388
389
390
390
391
391
392
392
392
393
391
392
392
391
391
392
392
391
391
391
391
391
391
390
390
390
388
387
387
386
385
385
384
384
384
384
384
384
384
384
384
384
384
385
384
385
385
385
386
385
386
387
387
387
387
387
388
387
387
387
386
385
385
384
384
384
383
383
383
382
383
383
383
384
384
384
384
383
383
385
385
385
386
388
388
389
390
389
389
389
387
387
387
387
387
387
387
387
387
387
387
387
387
387
387
387
386
386
387
387
387
387
387
387
386
386
386
386
386
385
385
385
384
383
383
383
383
382
382
