406
409
410
411
410
408
407
405
404
403
404
406
409
410
411
410
408
407
405
404
404
403
404
405
406
407
409
410
412
411
409
406
405
404
405
407
410
411
411
409
407
405
404
405
407
410
411
411
409
406
405
404
405
407
408
410
412
412
411
409
408
406
404
404
405
406
407
408
410
411
412
412
412
412
411
410
409
409
406
405
405
405
406
407
409
411
412
413
412
411
411
410
409
408
406
406
405
405
404
405
405
407
407
410
411
413
412
410
407
405
404
405
407
409
411
413
411
410
407
405
404
405
407
408
410
411
412
412
410
409
407
405
405
405
407
408
411
412
412
410
409
406
405
405
406
407
410
412
413
411
409
407
405
405
406
408
411
412
412
410
407
406
405
406
407
410
411
412
412
410
409
406
405
405
406
407
409
411
413
411
409
406
404
405
408
411
412
411
408
406
405
405
405
407
408
410
411
412
412
411
