414
415
414
411
409
408
410
413
414
415
413
410
408
408
410
413
414
415
413
412
410
408
408
409
411
413
415
415
413
411
408
407
407
409
411
413
413
410
407
406
407
410
413
414
412
409
407
407
410
413
414
415
413
411
408
407
408
411
414
415
414
411
409
407
409
412
413
413
410
407
406
409
412
414
411
409
407
406
409
412
413
413
410
407
407
410
414
413
408
406
409
413
413
411
407
406
409
413
413
411
408
406
408
412
414
411
408
406
408
411
413
412
409
406
406
409
412
413
411
407
405
407
411
413
411
407
405
408
411
413
410
406
405
408
412
411
407
405
407
411
412
410
406
405
408
412
412
409
405
406
410
412
411
407
405
406
409
412
411
408
405
405
407
411
412
410
405
405
408
411
409
405
405
408
411
410
406
404
405
409
411
409
405
403
406
410
409
405
403
405
409
409
406
403
404
406
409
410
408
405
