417
417
417
417
416
416
415
414
413
411
410
409
410
412
415
416
417
415
413
411
410
410
411
412
415
416
417
415
412
410
410
412
415
416
416
414
411
409
410
412
415
416
416
414
411
410
410
412
415
416
416
415
413
411
410
410
409
411
412
415
416
415
413
411
409
409
410
411
414
415
416
415
414
412
410
408
408
410
411
414
414
416
416
416
415
415
415
414
413
413
412
411
410
409
409
408
409
407
408
408
408
409
410
411
413
414
415
414
413
410
409
408
408
408
410
410
413
414
414
414
415
414
414
412
410
409
408
407
408
409
410
412
414
415
416
416
414
413
412
411
411
409
409
408
408
407
407
406
407
407
408
409
409
409
411
412
413
413
413
414
413
412
411
409
408
407
407
407
409
412
413
413
414
413
411
411
408
407
406
407
408
409
410
412
413
414
414
414
414
412
412
411
411
409
409
409
409
409
409
409
