352
353
353
352
350
349
347
346
345
346
348
350
352
352
351
350
348
346
346
345
345
346
347
348
350
351
352
352
352
352
351
350
349
347
346
345
345
346
347
348
351
352
353
352
350
349
347
346
345
345
345
345
345
346
346
347
349
351
352
352
351
349
347
345
345
346
349
351
352
352
350
349
347
346
345
345
345
345
346
347
348
350
351
352
353
352
351
349
347
346
345
345
346
347
349
351
352
352
352
351
349
347
346
345
345
345
347
349
351
353
352
349
346
345
346
348
350
352
352
352
351
349
347
346
346
348
351
352
352
350
346
346
348
351
353
351
348
346
346
349
352
354
352
350
347
346
347
350
352
353
351
349
347
346
348
350
352
353
353
352
350
348
346
345
346
348
351
352
352
350
349
347
345
345
345
347
348
350
351
352
351
350
349
347
346
345
345
346
347
350
351
352
352
351
349
346
345
344
345
347
