345
344
344
344
344
343
344
345
347
349
351
351
348
345
343
346
349
351
350
347
345
344
346
349
351
350
348
346
344
344
346
349
351
351
350
347
346
344
343
345
346
349
351
351
350
346
344
346
349
352
351
348
345
345
347
349
351
351
350
348
346
345
345
346
349
351
351
352
351
349
348
347
345
345
345
345
346
347
349
350
352
352
352
351
350
349
348
347
346
345
345
346
346
347
349
350
351
352
352
352
352
352
352
352
352
351
352
352
351
352
352
351
351
352
352
352
352
351
351
351
350
350
350
350
350
350
350
350
349
349
349
348
347
347
346
345
345
345
345
346
347
348
349
350
351
351
351
352
352
352
352
352
351
351
350
350
349
349
349
349
349
349
349
348
347
347
346
346
346
346
346
345
345
345
345
345
345
345
344
344
345
345
346
347
348
351
351
352
350
349
347
345
345
345
345
347
349
351
352
351
