373
371
369
367
365
366
368
370
372
372
370
368
366
365
367
369
371
373
371
368
366
365
368
371
372
372
369
367
365
366
368
371
373
372
368
366
365
368
371
373
370
369
366
365
367
369
371
372
370
367
365
364
367
370
372
371
367
365
365
368
372
371
368
365
364
367
371
372
371
368
366
364
366
368
371
372
369
366
364
366
368
371
371
368
365
364
366
368
370
371
370
368
365
364
366
369
371
370
367
364
364
366
369
371
371
368
366
365
365
367
370
371
369
367
365
364
366
368
371
371
368
365
364
366
368
370
370
369
367
365
363
364
367
370
371
369
367
364
363
364
366
367
369
370
371
371
370
369
368
367
365
364
364
363
363
364
366
366
369
369
370
371
370
370
368
367
365
364
362
363
365
366
367
369
370
371
370
369
368
366
364
364
363
363
364
366
366
368
368
369
369
369
371
370
370
369
369
369
369
369
