362
360
359
357
359
360
363
364
365
364
362
359
358
358
359
360
363
364
365
365
363
362
359
358
358
359
361
363
365
365
364
362
359
358
358
360
362
364
366
365
363
362
359
358
358
360
363
365
365
363
362
359
358
358
360
361
364
366
365
362
359
358
358
360
363
365
365
363
361
358
358
361
364
365
365
363
360
359
358
359
361
363
365
366
364
362
359
358
359
361
364
365
366
365
364
363
361
359
358
357
359
359
360
362
364
365
366
365
363
363
360
359
358
358
359
360
361
363
364
365
365
365
365
364
362
361
359
358
358
359
361
364
365
365
364
363
363
362
362
362
361
361
361
361
362
362
362
362
363
363
363
363
363
364
364
365
365
365
365
366
366
365
365
365
365
365
365
366
366
365
365
365
364
364
363
363
363
363
363
363
363
362
362
361
360
360
360
359
359
359
359
359
359
359
359
359
359
359
359
359
