360
362
363
364
365
367
367
368
368
369
368
366
366
363
362
362
364
366
368
369
368
366
363
362
361
364
367
368
367
365
362
361
361
364
367
369
367
365
362
361
361
364
367
369
367
365
362
361
362
364
367
368
368
365
362
361
362
365
367
369
367
364
361
361
363
366
368
368
366
362
360
362
364
367
369
367
365
362
361
362
363
366
367
367
365
362
360
360
362
364
366
367
367
367
365
363
361
360
359
360
362
363
366
367
367
365
362
361
361
363
366
367
368
365
362
361
361
364
367
367
365
362
361
360
362
364
366
366
366
364
362
360
358
360
362
365
366
367
366
364
362
361
360
360
360
361
361
362
363
365
366
367
367
366
364
362
361
360
360
361
363
365
366
368
367
365
362
361
360
360
362
363
366
367
366
364
362
360
359
360
362
364
365
367
366
365
364
363
361
360
359
359
361
362
365
366
366
364
362
360
