349
347
346
344
342
342
343
344
347
348
349
349
348
347
346
344
343
342
342
342
344
345
347
348
349
349
348
347
344
344
343
342
342
343
344
345
348
349
350
348
347
344
342
342
343
345
348
349
349
349
347
344
343
342
343
345
348
348
350
349
347
344
343
342
343
344
345
346
348
349
349
350
349
348
347
344
343
342
343
345
346
348
349
350
349
348
346
344
343
343
345
347
349
349
347
345
343
342
343
345
348
349
350
349
347
345
344
343
343
345
346
348
349
350
349
348
346
344
343
343
343
345
347
349
350
350
348
346
344
343
343
343
345
348
349
350
349
347
344
343
343
343
345
348
349
350
349
348
346
344
343
342
343
343
345
345
348
349
349
349
349
347
347
344
344
343
342
342
343
345
346
348
350
350
348
347
344
344
343
342
343
343
345
346
348
350
350
348
346
343
342
343
344
346
349
349
349
347
346
344
