377
376
376
378
380
382
384
382
380
377
376
376
378
381
383
382
380
377
376
375
376
378
381
382
382
379
376
374
376
378
382
381
379
376
374
375
377
380
381
381
379
376
375
375
377
380
382
382
379
377
375
374
375
377
380
381
382
381
379
376
375
374
377
378
381
382
381
379
378
375
374
374
375
377
378
380
381
382
381
379
376
375
374
376
377
380
381
381
379
378
376
374
374
376
378
381
382
381
379
378
375
375
374
376
380
381
381
379
375
374
376
380
381
381
379
378
375
374
375
377
380
381
381
379
376
375
375
377
380
381
382
381
379
375
375
375
377
380
381
382
381
379
378
376
375
374
375
377
380
382
382
379
376
374
375
378
381
381
382
382
381
379
379
376
376
374
374
376
378
380
381
382
380
377
375
375
375
375
377
379
380
381
381
382
382
381
379
379
377
376
376
375
374
375
377
378
380
381
381
379
