363
361
358
357
357
357
359
360
362
363
364
364
364
362
361
359
358
357
357
358
360
362
364
364
363
361
359
358
357
357
359
360
362
364
365
364
362
361
359
358
356
357
358
359
360
362
362
363
363
364
364
365
364
364
363
362
361
359
358
356
357
359
360
362
363
363
364
364
364
363
363
363
362
362
362
361
360
359
358
358
357
357
356
356
357
357
357
357
357
358
358
359
359
360
360
362
363
363
364
365
364
364
363
362
361
360
359
357
357
357
356
357
358
358
357
358
358
357
357
357
357
357
357
357
357
357
358
358
359
359
359
360
361
362
363
364
364
363
362
361
360
359
358
357
357
357
357
357
357
357
357
357
357
356
356
356
356
356
357
357
358
359
359
359
359
359
359
359
360
359
360
360
360
361
362
363
363
364
364
364
365
364
364
364
363
362
361
361
358
358
358
357
356
357
357
357
358
358
358
358
