410
411
411
409
409
406
406
405
404
405
407
408
411
412
412
410
409
406
405
405
407
409
411
413
412
410
409
407
406
405
408
411
412
412
410
407
406
406
408
411
413
413
411
408
406
406
407
409
411
413
413
411
408
406
407
409
413
414
412
408
407
407
411
413
413
411
407
407
409
413
414
412
408
406
409
412
414
413
409
406
409
413
414
411
408
407
410
413
414
412
409
407
409
412
414
414
412
408
407
410
413
415
412
409
408
408
411
414
415
413
411
408
408
410
413
415
415
412
409
408
410
413
415
415
413
409
408
410
414
415
413
409
408
410
413
415
415
413
409
408
410
414
416
414
411
409
408
410
413
415
415
412
409
408
410
413
415
413
410
407
407
410
413
414
412
408
407
409
412
414
414
410
407
408
410
413
414
412
409
407
410
413
415
412
409
407
410
414
414
410
407
410
413
415
413
409
408
410
414
415
