359
358
358
358
357
356
357
357
358
360
360
362
363
363
364
364
364
363
362
361
358
358
357
358
360
362
363
365
363
362
361
359
358
357
357
357
357
357
358
358
359
359
359
360
360
360
362
363
362
363
363
363
363
364
364
364
364
363
363
361
361
361
359
358
358
357
357
357
356
357
357
357
358
358
359
360
360
361
361
362
361
362
363
363
363
364
363
363
362
361
360
360
358
357
357
357
357
357
356
356
357
357
358
358
359
360
360
360
361
362
364
365
366
367
367
366
365
364
364
362
362
362
361
361
362
361
361
361
359
360
360
360
362
362
365
365
366
366
365
364
362
360
360
360
360
358
358
359
361
362
363
364
363
362
361
359
358
357
357
358
359
360
360
361
362
364
364
365
364
364
362
361
360
359
358
358
357
358
359
360
361
363
364
365
364
363
361
359
358
357
357
358
360
361
363
363
364
364
363
362
