351
350
348
345
344
345
347
350
351
349
346
344
345
347
351
351
349
345
344
347
350
351
349
345
344
346
350
351
348
345
345
349
352
349
345
344
347
351
350
346
344
347
351
349
345
345
349
351
349
345
344
347
351
351
347
344
346
350
351
348
344
345
349
352
349
345
344
347
350
348
344
344
348
351
348
345
344
347
351
350
346
343
346
350
351
348
344
344
347
350
349
345
343
345
349
351
348
345
344
346
350
351
348
344
344
349
351
348
344
344
348
351
350
346
343
346
349
351
348
344
344
348
351
349
345
344
346
350
350
346
344
345
349
351
349
346
343
346
350
351
348
344
344
348
350
349
345
344
347
350
350
346
343
346
350
351
348
345
344
347
350
350
346
343
346
350
351
349
345
344
347
350
351
348
344
344
347
351
348
344
344
349
351
348
345
343
345
349
351
348
344
344
349
351
348
344
346
350
351
348
