362
363
363
364
363
363
363
362
361
360
360
358
357
357
356
355
356
356
356
357
357
357
358
358
359
359
361
362
363
363
363
363
363
362
361
360
360
359
358
358
357
357
356
356
356
356
355
355
355
354
355
355
355
355
356
357
358
359
360
361
362
362
363
364
363
362
362
360
359
359
357
356
356
355
355
355
355
355
356
357
358
358
359
360
361
362
363
363
362
362
361
360
360
360
360
359
359
358
357
357
356
356
355
355
355
355
356
357
357
359
361
361
362
362
363
363
362
362
361
361
360
360
359
358
358
357
357
357
359
360
363
364
365
366
365
365
363
362
359
357
356
356
355
355
354
355
355
357
357
359
360
361
362
362
361
359
358
356
355
355
354
354
355
356
357
360
361
361
362
361
359
357
356
355
355
355
355
357
357
359
361
362
362
360
358
355
355
356
358
360
361
362
362
362
360
359
357
356
356
357
