342
344
346
349
349
347
345
343
342
345
348
350
347
344
343
343
346
349
349
347
344
342
344
347
350
350
347
344
343
345
348
350
348
344
343
345
349
350
348
344
343
345
348
351
349
346
343
344
346
349
350
348
345
343
344
348
350
350
348
345
343
344
347
350
351
350
348
345
344
343
344
347
350
351
348
345
344
344
346
349
350
350
348
345
343
343
345
347
350
351
350
347
344
343
346
349
350
350
348
345
344
343
345
348
350
350
348
344
343
345
349
350
350
348
345
344
344
346
349
351
350
348
345
344
343
346
349
351
351
348
345
343
345
348
351
351
348
344
344
347
350
351
349
346
344
345
348
351
350
348
344
345
347
351
351
348
345
344
347
350
352
350
346
345
345
349
351
351
349
345
344
346
349
351
351
348
345
346
350
352
350
346
345
348
352
352
349
345
345
348
351
353
351
349
346
345
346
349
352
353
