347
347
346
345
344
342
341
341
340
340
340
341
342
343
344
345
346
346
347
347
347
347
346
345
344
342
341
340
340
339
339
338
339
339
339
341
341
341
342
344
344
344
344
344
344
344
344
344
345
345
345
346
345
345
345
345
344
344
344
344
344
343
343
343
343
342
342
340
339
339
339
338
338
338
337
338
338
338
339
339
340
340
341
342
344
344
345
345
345
346
345
345
344
343
342
341
340
339
339
339
339
341
342
344
345
346
347
346
346
345
344
343
341
340
340
339
339
340
340
342
344
346
347
347
346
345
344
341
341
340
340
340
342
343
345
346
347
347
347
346
344
343
342
341
339
340
341
342
343
345
346
347
347
347
345
344
342
341
340
340
340
341
342
343
344
345
345
346
346
346
346
346
347
347
348
347
347
346
346
345
344
342
341
341
341
340
340
341
342
343
343
346
346
347
348
347
345
342
341
341
