361
359
356
356
358
361
363
363
361
359
357
355
357
358
360
362
363
363
361
360
357
355
357
359
361
362
364
363
361
360
358
357
358
358
360
362
364
365
366
366
365
364
363
362
361
360
359
359
360
360
360
362
363
363
362
360
357
356
356
359
362
364
364
361
359
357
356
357
360
362
364
364
362
360
358
356
357
357
359
360
362
362
363
364
363
362
361
360
358
357
357
357
356
356
357
359
359
361
362
365
363
361
357
356
357
359
362
363
363
361
360
357
356
357
358
360
363
363
363
362
360
358
357
356
356
358
361
362
364
363
361
360
358
357
356
357
358
360
362
364
364
365
364
362
360
359
358
360
362
365
366
366
365
362
361
360
361
362
364
366
366
366
363
361
360
358
356
355
356
358
360
362
363
364
364
363
362
361
359
358
357
357
356
357
357
357
359
359
360
360
362
362
363
364
363
364
364
363
363
361
