347
349
351
351
352
351
350
349
348
346
345
345
344
345
347
348
350
351
352
351
351
349
347
345
345
344
346
348
351
351
351
350
348
346
345
344
345
347
350
351
351
349
346
345
345
346
349
351
352
349
347
345
344
345
348
350
351
351
349
346
345
344
346
348
350
352
351
349
348
346
345
345
345
347
349
351
352
352
351
350
347
346
345
345
347
348
350
352
352
351
349
346
344
346
348
351
353
351
349
346
345
347
350
352
352
349
346
345
347
349
351
352
350
348
345
345
346
348
351
352
352
350
348
346
345
345
347
349
351
352
351
349
347
345
344
345
347
350
351
352
351
349
347
345
344
345
347
348
350
351
351
352
351
350
348
346
345
345
346
348
350
351
352
351
349
346
345
344
345
346
348
350
351
351
351
349
348
347
346
345
345
344
344
344
345
347
348
349
350
350
351
351
351
351
352
352
351
351
351
351
