346
347
349
349
350
350
351
350
350
350
348
347
346
345
344
343
343
344
346
347
349
350
351
350
350
348
347
345
344
344
344
344
346
347
349
350
351
350
348
347
345
344
344
344
346
347
349
350
351
351
350
349
348
346
345
344
344
346
347
349
351
351
350
348
345
344
344
346
347
348
350
350
351
352
351
351
350
349
348
346
345
345
344
345
346
348
350
350
351
351
350
348
345
344
344
345
347
350
351
349
346
344
344
347
350
352
351
347
344
344
346
349
351
351
349
346
345
344
345
347
350
351
350
348
345
344
344
344
346
349
350
351
349
346
344
344
344
346
348
350
350
350
348
347
345
344
344
346
347
349
351
351
350
348
345
344
344
345
347
349
350
351
350
348
346
344
343
345
346
349
350
351
350
348
347
345
345
344
344
344
346
347
349
350
351
351
351
350
349
348
347
345
345
344
343
344
344
344
344
345
