343
346
348
348
346
344
342
340
341
343
345
347
348
348
347
345
343
341
341
342
343
344
346
347
348
348
348
348
348
346
346
345
344
343
342
342
341
341
341
342
343
344
347
347
349
348
347
346
344
342
342
341
342
343
344
345
346
347
348
348
348
347
346
346
343
342
341
341
342
342
344
345
347
348
348
349
349
348
346
346
344
343
342
341
342
343
344
347
348
349
348
346
345
343
342
341
342
343
344
345
347
348
348
349
349
349
349
348
347
346
345
343
342
341
342
342
344
345
347
348
348
349
349
349
349
348
347
346
344
343
343
342
342
341
342
342
342
342
342
343
344
344
345
346
347
348
348
349
349
349
349
348
347
346
346
344
343
343
342
341
342
343
344
347
348
349
349
347
346
343
342
341
342
343
344
346
348
349
349
348
346
344
343
342
342
344
346
348
349
349
349
347
346
345
343
343
342
342
343
344
