343
340
339
342
345
347
345
342
340
340
343
346
347
345
342
340
340
342
345
347
346
344
341
339
341
343
346
347
346
344
341
340
340
342
344
346
347
347
346
345
343
341
340
340
341
342
343
345
345
346
347
347
347
347
346
345
343
341
340
340
342
345
347
347
344
341
340
340
342
345
346
347
345
343
341
339
340
342
345
346
347
346
344
341
339
341
343
346
347
346
344
341
340
340
342
345
346
347
346
344
341
340
339
341
342
345
346
347
346
344
343
341
341
340
339
340
341
342
343
345
346
346
347
346
345
343
341
340
340
342
344
346
347
345
342
340
340
342
345
346
347
345
342
340
340
342
345
347
346
343
341
339
340
342
346
347
346
344
340
339
340
342
345
346
346
344
341
339
340
342
345
346
346
343
340
339
340
342
345
346
346
344
341
340
339
341
343
346
347
346
343
340
340
342
346
347
346
343
340
339
