364
365
365
365
366
365
365
365
365
365
365
364
364
363
362
362
360
359
359
358
357
358
358
358
358
359
359
359
360
361
360
360
361
362
363
363
363
363
362
362
362
361
361
361
361
360
361
360
360
360
361
361
361
361
362
363
363
363
363
364
364
364
363
363
362
361
361
360
360
359
359
358
358
358
358
358
358
358
358
357
357
357
357
358
358
357
357
357
357
358
358
358
358
358
358
358
358
357
357
357
357
356
356
356
356
356
356
357
358
358
358
358
358
358
358
358
358
358
357
357
356
356
357
357
357
357
357
358
357
356
355
354
354
354
353
353
353
353
353
353
354
354
355
355
356
356
357
358
359
359
360
360
360
361
361
362
361
361
359
358
356
355
354
354
356
358
360
361
361
359
357
355
353
355
357
358
360
361
361
361
359
358
356
356
355
354
355
356
357
358
359
361
361
362
362
362
361
361
360
360
