376
376
375
376
377
378
379
381
382
383
383
382
381
380
377
376
375
375
377
378
381
382
382
380
379
376
375
375
377
378
381
383
381
379
376
375
377
380
382
382
379
376
375
377
381
383
380
377
375
376
379
382
382
379
376
376
379
382
383
381
378
376
379
382
384
382
378
376
379
382
384
382
378
377
380
384
385
382
378
377
380
384
385
382
379
378
380
383
384
385
383
381
379
377
379
381
384
385
384
382
379
378
379
382
384
385
383
380
377
380
383
386
384
380
378
378
381
384
385
384
382
379
378
380
383
385
384
381
379
378
380
383
385
385
383
380
378
378
380
382
384
385
383
380
378
378
380
384
386
384
382
379
377
379
381
384
385
384
382
379
377
378
381
384
385
384
381
378
377
380
383
384
384
382
379
377
378
381
384
384
382
379
378
378
380
383
384
384
382
380
378
378
380
383
384
385
384
383
381
379
