365
366
366
365
363
360
360
360
361
362
363
365
366
366
367
366
366
366
366
366
366
366
365
363
361
360
359
359
360
361
363
364
365
367
366
364
362
360
359
360
361
364
366
366
365
364
362
360
359
360
363
364
366
366
365
362
361
360
359
359
360
361
363
364
366
366
365
362
361
359
359
361
364
365
367
366
365
362
360
360
359
360
362
363
364
366
366
366
366
365
363
362
361
360
360
360
359
359
359
359
360
360
360
360
361
361
361
362
363
363
364
364
365
366
366
367
367
366
366
365
364
363
361
361
359
359
359
358
359
359
360
360
360
360
361
361
362
363
363
364
365
365
365
365
366
365
365
366
366
366
366
367
366
365
365
365
365
365
366
366
366
366
366
366
366
366
366
366
365
365
365
365
366
366
365
365
365
363
363
362
360
360
359
359
358
359
359
360
361
361
362
363
364
364
365
365
366
365
365
365
