357
355
353
355
357
360
362
360
358
355
354
356
358
361
363
361
359
356
355
355
358
359
361
363
362
359
358
355
354
354
356
359
361
361
359
356
354
354
356
358
361
361
359
356
355
354
355
356
358
360
361
362
361
359
358
356
355
353
354
356
357
359
361
361
360
359
358
356
354
354
355
357
358
358
359
360
361
362
361
360
358
356
355
353
354
356
357
359
360
361
361
362
362
361
361
359
359
358
356
356
354
354
354
355
356
357
358
360
360
360
361
361
361
362
362
361
361
359
359
359
359
358
358
356
356
356
355
355
355
355
354
354
354
355
356
357
357
358
359
359
359
359
359
360
360
360
360
360
361
361
362
362
362
362
362
361
361
361
361
361
361
360
359
359
359
358
357
356
356
356
356
356
355
355
354
355
355
356
357
358
359
360
361
362
363
362
361
359
359
356
356
355
355
355
357
357
359
360
361
361
