347
348
345
342
341
341
344
346
348
347
345
342
340
342
345
348
348
345
342
341
343
346
348
348
345
342
341
341
343
344
347
348
347
346
343
341
340
341
343
346
347
348
347
345
342
341
340
341
343
346
347
348
347
345
342
341
341
343
344
347
348
347
345
342
340
341
343
346
347
348
346
344
342
340
342
343
346
347
348
347
346
344
342
341
341
342
343
346
347
348
348
347
345
342
341
341
343
345
347
348
347
345
343
341
341
341
343
345
347
348
348
346
344
342
341
341
343
344
346
347
348
349
348
348
346
345
343
342
341
341
343
346
347
348
346
344
342
341
342
344
347
349
347
346
343
341
341
343
346
347
348
348
346
345
342
341
341
343
344
347
348
348
346
345
342
341
341
341
342
343
343
344
344
346
347
348
349
348
346
345
343
342
341
341
343
346
347
348
347
345
342
341
341
343
346
347
348
348
348
346
