411
410
409
409
407
406
406
405
405
405
405
405
406
406
407
407
408
409
410
411
411
412
412
413
412
412
410
409
407
406
405
405
407
410
412
412
410
409
406
404
406
408
411
413
412
410
408
407
406
405
406
408
410
412
413
412
410
407
406
405
405
406
409
410
410
411
411
410
408
408
406
404
404
402
403
404
405
406
407
409
410
411
410
408
406
404
403
403
405
406
408
409
410
411
410
409
408
407
405
403
403
403
403
403
405
405
406
407
408
409
410
409
410
410
410
409
410
409
410
410
409
409
409
408
407
407
405
404
403
403
402
402
402
402
402
404
405
408
408
409
409
409
408
408
407
405
404
403
402
402
401
401
402
403
404
406
407
407
408
408
408
408
408
408
408
407
407
406
405
405
404
403
402
402
402
401
401
401
400
401
400
400
400
400
399
400
400
400
400
400
400
400
401
402
402
403
405
405
407
407
