357
356
356
355
355
356
357
358
359
361
361
361
362
362
362
363
362
362
361
360
359
357
356
355
355
356
357
358
358
359
360
360
360
361
361
361
361
362
362
364
363
363
363
363
362
362
362
362
361
361
361
361
360
360
359
358
358
357
357
356
357
358
359
360
362
362
363
363
363
364
364
363
363
363
363
362
361
361
360
359
358
358
357
357
356
356
356
356
357
359
361
363
363
362
361
360
359
357
356
356
355
355
356
356
357
358
358
358
359
360
360
361
361
361
361
361
362
362
363
362
362
362
362
361
361
360
360
359
357
356
355
355
356
357
360
362
363
362
360
358
356
355
355
356
357
358
361
362
362
362
360
358
356
355
355
355
356
358
359
360
361
362
362
362
361
360
358
356
355
355
356
357
360
362
362
360
358
355
355
356
358
360
361
363
361
360
357
356
354
355
356
357
358
359
360
361
361
362
362
363
