352
352
349
346
345
347
350
352
352
349
346
345
348
351
353
352
348
345
346
348
351
353
351
348
346
345
348
351
353
350
347
346
346
350
352
351
347
345
347
350
353
350
347
345
348
351
353
351
347
345
347
350
352
352
347
345
348
351
352
350
346
345
348
351
352
350
346
345
348
352
353
350
347
345
347
351
352
352
348
346
346
348
352
353
352
350
347
346
346
348
352
353
351
347
346
348
352
353
351
348
346
346
349
352
353
350
347
345
348
352
352
350
347
345
346
349
352
352
350
347
345
348
351
354
351
347
346
346
349
352
353
351
347
346
346
350
353
352
349
346
346
348
352
353
352
350
347
345
346
349
352
353
352
349
347
346
347
349
352
353
352
350
347
345
347
350
352
353
350
347
346
348
351
354
352
348
346
347
350
352
353
350
347
346
348
351
352
350
346
345
346
350
352
352
349
345
345
348
351
352
