363
361
360
359
360
362
364
365
366
366
363
362
359
358
357
358
359
362
363
365
365
363
361
360
358
358
359
360
361
361
362
364
364
365
365
366
366
367
366
366
366
365
364
363
363
362
363
362
361
360
359
359
359
358
357
357
356
357
357
358
358
359
359
360
361
361
363
362
363
363
364
364
363
363
362
361
361
361
360
360
359
357
357
357
356
357
358
359
361
362
362
363
363
363
363
363
362
361
360
360
358
357
357
356
356
355
356
356
356
357
357
358
358
359
360
361
361
362
363
364
363
362
361
361
359
358
357
356
356
355
356
356
357
357
359
359
361
362
363
364
363
362
361
359
358
356
356
357
359
360
362
363
364
364
363
362
361
360
358
357
356
356
357
358
359
362
363
364
364
363
362
361
360
359
358
357
356
357
358
360
362
363
364
364
364
363
362
361
359
358
357
357
356
357
358
359
360
360
362
363
