363
363
362
361
360
359
357
357
356
356
355
356
356
357
358
358
360
361
362
362
362
360
359
357
357
356
356
356
355
356
356
357
358
359
360
361
363
363
365
365
366
366
365
364
363
363
363
362
361
360
360
359
357
357
356
357
358
358
360
361
362
364
362
361
360
357
356
356
356
355
356
356
356
356
357
357
358
358
359
361
361
362
362
362
362
362
362
362
363
363
362
363
362
362
362
362
362
362
362
362
362
363
363
363
363
363
363
363
362
362
362
362
361
361
361
360
360
360
360
360
360
360
360
360
360
360
360
361
361
361
361
361
361
361
362
360
360
360
360
360
359
359
359
358
356
357
356
356
356
355
355
355
355
356
357
358
360
361
362
362
362
360
359
357
356
356
355
355
356
356
358
359
360
362
363
365
364
362
361
359
358
358
361
363
365
367
365
363
361
360
359
361
363
365
366
364
362
359
357
356
