356
356
354
351
349
351
354
356
357
355
353
351
349
351
353
356
357
356
354
352
350
350
352
355
357
357
354
352
350
350
352
355
356
356
355
353
350
348
350
351
354
356
354
351
349
348
350
352
354
355
353
350
348
349
352
355
355
352
349
348
350
353
355
355
353
351
349
349
350
352
355
356
355
353
350
348
350
352
355
357
355
353
350
349
350
353
355
357
355
353
350
349
351
354
356
356
355
352
350
350
352
355
356
356
354
351
350
350
352
355
356
356
354
352
350
350
352
353
356
357
355
352
350
350
352
355
357
356
355
352
350
350
352
355
357
356
353
350
350
351
353
356
357
356
354
351
349
352
354
356
356
354
351
349
350
353
356
356
353
350
349
352
356
356
353
350
349
351
354
356
356
353
350
349
351
355
356
353
350
350
355
357
354
351
350
352
356
356
353
350
350
354
357
357
355
352
350
350
353
356
