348
349
347
343
342
345
349
348
344
342
344
348
349
344
342
344
348
349
347
344
342
344
347
349
348
345
342
342
345
349
349
345
342
343
347
350
347
343
342
344
348
350
348
344
342
343
346
349
349
346
343
342
344
348
350
347
344
342
343
346
349
349
347
343
342
344
347
349
349
346
343
342
344
348
350
347
344
342
343
345
348
349
347
344
343
342
344
345
348
349
349
347
344
342
343
345
348
349
347
344
342
343
346
348
349
347
345
343
341
342
344
347
348
349
348
346
343
341
343
344
347
349
349
348
346
344
342
342
343
344
347
348
349
348
346
344
342
342
343
345
347
349
349
348
346
344
343
341
342
344
346
348
349
349
347
346
343
342
341
342
343
344
345
347
348
349
349
348
346
346
343
343
342
341
342
344
345
347
349
349
348
346
344
343
342
341
341
342
344
345
347
348
349
348
346
344
342
342
342
344
