407
406
406
405
405
405
405
405
407
409
411
412
411
409
406
405
404
405
406
407
409
411
411
411
411
410
409
409
408
406
405
405
404
404
405
406
407
408
409
410
411
411
411
411
410
410
408
408
406
405
404
403
404
405
406
409
410
411
410
408
406
404
403
403
404
405
407
409
410
410
410
409
407
407
407
405
404
404
403
403
403
402
402
403
403
403
404
405
405
405
406
407
408
408
409
410
409
408
407
406
405
403
403
402
401
402
402
404
404
405
407
407
408
409
408
408
406
405
403
402
402
401
401
401
401
400
400
401
401
403
403
405
406
407
407
408
407
407
406
406
405
404
404
404
403
403
402
401
401
400
399
399
399
399
400
401
401
402
402
403
404
404
404
404
405
405
406
405
404
404
402
402
401
399
399
398
398
397
396
397
398
399
399
400
402
402
403
403
404
403
403
402
401
401
400
400
399
398
397
397
