345
345
345
345
345
345
347
347
348
347
348
349
349
350
350
351
350
351
351
351
352
352
351
351
351
350
349
348
346
346
345
344
345
347
348
351
351
351
349
347
345
345
345
347
348
350
351
352
352
352
351
351
350
349
347
346
345
345
347
349
351
352
350
348
346
344
345
348
350
352
352
351
350
348
346
345
345
346
347
349
351
352
351
350
347
345
345
348
351
353
351
349
346
344
346
349
351
352
351
348
346
345
348
351
353
351
349
346
345
347
349
352
352
350
347
345
345
347
349
352
352
350
347
344
346
349
352
352
350
346
344
347
350
352
351
349
346
345
348
352
352
350
346
345
347
351
353
350
347
345
346
350
352
351
348
345
346
348
351
352
352
349
346
344
346
349
352
352
349
346
345
346
349
352
352
350
347
345
346
349
351
352
350
347
346
346
348
351
352
352
350
349
346
345
345
347
349
351
352
351
