350
348
345
344
344
346
349
350
350
350
348
345
344
344
346
349
350
351
349
347
344
344
346
349
350
351
348
346
344
343
344
346
349
350
350
349
347
344
343
343
344
346
349
350
350
348
345
343
343
345
346
349
350
350
349
347
345
344
343
343
344
346
348
350
351
350
348
347
345
344
343
343
344
344
345
346
347
349
350
350
351
350
349
348
345
344
343
343
344
346
347
349
349
350
350
349
348
345
344
343
343
344
345
346
348
349
350
350
350
348
347
345
344
343
344
345
346
348
350
351
350
348
346
344
343
343
345
346
349
350
350
348
345
344
343
345
349
350
350
349
347
345
344
343
344
345
348
349
350
349
347
345
343
343
344
346
348
350
349
347
344
343
343
345
348
349
350
349
347
344
343
343
344
345
348
350
350
348
346
344
342
343
345
346
348
349
350
351
350
349
348
347
345
344
344
343
344
345
348
350
