347
347
349
350
351
351
352
351
351
349
348
346
345
344
345
347
349
350
351
352
352
351
351
349
349
348
346
346
345
345
345
345
345
346
347
348
348
350
351
351
352
352
352
352
350
349
347
346
344
345
346
347
348
349
350
351
352
352
352
350
349
347
345
344
345
347
348
351
351
353
352
351
351
351
351
351
351
351
350
350
349
349
347
346
346
345
345
345
347
348
348
350
351
352
352
352
351
350
349
348
347
346
345
345
344
345
345
347
348
350
351
352
352
351
350
349
346
346
345
344
345
345
346
347
348
350
351
351
351
351
349
349
346
345
345
345
344
345
345
346
347
348
350
351
351
352
352
351
351
350
349
349
348
347
346
345
345
344
345
346
347
348
349
350
351
352
352
352
352
351
350
349
349
349
348
348
346
346
345
345
345
345
345
345
345
345
345
345
345
345
345
345
345
345
345
345
346
347
347
347
