362
363
363
361
360
357
356
358
361
363
363
361
357
356
356
358
361
363
363
361
357
356
355
357
360
361
362
361
359
357
356
354
355
358
361
362
363
361
359
356
355
356
358
362
363
361
358
356
356
358
362
363
363
360
357
357
360
364
365
363
360
358
359
362
365
366
364
361
359
360
362
365
367
363
360
357
356
359
362
364
363
361
358
357
359
362
365
363
360
358
357
359
361
363
365
363
362
359
358
357
358
360
362
363
365
364
361
359
358
356
358
360
362
364
364
362
360
358
357
357
358
360
363
364
363
360
358
357
357
358
360
362
363
363
361
358
356
355
357
358
361
362
363
363
362
360
359
357
356
356
356
358
360
362
362
363
360
358
357
355
356
358
361
362
363
362
361
360
358
357
356
356
356
357
359
359
360
361
362
363
364
365
365
364
363
363
363
361
360
359
357
356
356
358
358
361
362
363
364
363
