406
405
405
404
403
403
402
402
400
399
398
397
398
400
401
404
404
404
402
400
398
398
397
398
400
401
403
404
404
404
404
402
401
399
397
396
397
399
400
402
403
404
404
403
401
400
398
398
397
396
396
397
399
402
403
403
401
400
397
395
396
398
401
403
403
402
401
399
397
396
395
396
396
397
398
399
401
402
403
402
401
400
398
397
396
395
395
395
395
395
397
398
400
401
401
402
401
399
398
396
395
394
394
394
396
397
399
400
401
402
401
400
399
398
397
395
395
394
394
394
394
394
392
393
393
393
394
395
395
396
396
396
397
398
399
399
400
401
400
399
399
399
399
399
399
399
399
399
399
399
399
399
399
397
396
395
393
392
391
391
392
393
394
394
396
397
398
398
398
398
398
397
396
395
393
392
391
390
390
390
391
393
393
395
396
396
396
396
396
396
396
396
396
396
396
396
396
396
395
395
