343
341
339
338
338
340
342
344
345
345
344
342
340
338
338
340
343
345
345
342
339
338
341
344
345
343
339
338
341
344
345
343
339
338
341
344
346
345
342
339
339
341
345
346
344
340
338
340
343
345
345
342
340
339
341
343
345
346
344
342
339
339
341
344
345
346
343
341
339
338
339
341
343
345
345
344
342
340
339
337
338
340
342
344
345
344
341
338
338
340
343
344
344
342
339
337
338
340
343
344
344
342
338
337
338
340
341
344
345
345
345
344
343
340
339
338
338
340
342
344
346
345
343
340
339
338
339
341
344
346
345
343
341
339
339
338
340
341
344
345
346
345
343
341
340
338
340
342
345
346
346
344
341
340
339
340
342
345
346
346
344
341
340
339
340
342
344
345
347
346
344
343
340
339
339
340
342
343
344
345
346
347
346
345
344
342
340
339
339
340
342
343
345
345
345
346
346
346
346
346
