395
395
395
393
392
390
389
388
388
388
390
392
394
395
395
393
392
389
388
388
388
390
392
394
396
394
393
390
389
387
388
390
393
395
395
393
392
391
389
388
387
387
386
386
387
388
390
392
393
394
393
391
391
389
387
387
385
386
388
389
392
393
393
391
390
387
386
386
386
388
389
390
391
392
392
392
393
393
391
390
388
387
386
386
385
386
386
388
389
390
392
393
393
392
390
388
386
385
386
387
389
390
391
393
393
391
389
387
385
386
388
391
392
393
392
392
391
390
389
388
387
386
385
385
386
388
391
392
392
391
390
387
385
385
386
388
391
392
391
389
387
385
384
385
388
391
392
391
388
385
384
386
389
391
392
389
386
385
384
386
389
391
392
390
388
385
384
385
387
390
391
389
385
384
385
387
390
391
389
385
384
385
387
390
392
390
388
386
384
383
384
386
387
389
390
391
390
388
385
384
