396
396
396
398
399
401
401
402
402
402
402
402
402
402
402
403
403
403
403
402
402
402
402
402
402
403
403
403
402
401
402
401
401
401
401
401
401
401
401
401
401
401
401
401
401
400
400
400
401
401
401
401
401
400
400
399
399
399
399
398
398
397
397
397
397
397
396
396
396
395
395
395
395
395
394
394
393
393
393
393
393
393
393
393
393
393
393
393
393
393
392
392
392
392
392
392
392
392
392
391
392
392
391
391
391
391
391
391
391
391
391
392
391
391
390
390
390
390
390
390
390
390
391
391
391
391
391
391
391
391
391
391
391
391
391
392
392
392
392
392
392
392
392
393
393
393
393
392
392
392
393
393
394
395
395
395
396
396
396
396
396
396
397
397
396
396
396
396
395
395
395
394
394
394
394
394
394
395
395
395
394
394
394
393
393
393
393
393
393
393
392
392
392
391
390
390
390
389
389
388
