357
358
359
360
361
362
363
363
363
361
359
358
357
357
356
357
357
359
360
362
363
364
364
363
361
360
358
357
356
357
357
359
359
361
362
363
364
364
363
362
360
358
358
357
357
356
357
357
358
359
360
360
362
363
364
364
365
364
364
363
362
361
359
358
357
357
357
359
359
361
362
363
364
363
363
363
361
361
360
359
358
358
357
357
357
359
360
362
363
364
364
363
362
361
359
358
357
356
357
357
358
358
359
360
360
361
362
363
364
365
364
363
362
361
359
358
358
357
357
356
357
357
357
358
359
359
360
362
363
362
361
360
358
356
355
354
354
355
357
358
359
359
360
360
361
361
362
361
361
359
358
356
355
354
355
358
360
361
362
361
360
359
356
355
355
354
354
355
357
358
360
361
361
362
361
359
358
356
355
354
354
355
355
356
357
360
360
361
362
360
359
358
356
355
353
354
356
358
360
361
