380
382
383
382
379
376
375
377
380
382
382
380
377
376
376
377
380
382
383
383
380
378
376
375
376
378
381
382
383
382
380
377
375
376
378
381
383
382
380
377
375
377
379
382
383
380
377
376
378
382
383
380
377
376
378
381
384
382
380
377
375
377
379
382
383
383
381
378
376
376
378
380
382
383
384
383
381
380
377
376
376
377
379
380
383
383
384
382
380
377
376
377
380
383
384
382
379
377
377
380
383
384
384
382
379
378
376
377
379
382
384
384
382
379
377
377
379
381
383
385
384
381
378
377
378
380
384
385
384
382
379
377
378
381
383
385
384
382
379
378
378
380
381
384
385
385
384
382
379
378
378
380
383
385
385
383
381
378
378
380
383
385
385
383
382
379
377
378
381
382
384
385
386
384
382
379
378
379
381
384
385
386
384
382
380
379
379
380
381
382
383
384
385
385
386
387
386
385
384
382
