351
351
349
346
344
344
347
350
351
351
349
346
344
345
348
351
351
348
345
344
346
349
351
350
347
344
344
347
350
351
350
346
344
345
347
351
351
349
345
345
345
347
350
351
349
346
344
345
349
351
350
348
344
344
348
351
351
348
344
345
349
351
349
346
344
345
348
351
351
348
345
344
347
350
351
349
345
344
347
350
351
348
345
345
348
351
351
348
345
345
347
351
351
349
345
345
347
350
351
349
346
344
347
350
351
348
345
345
348
351
350
347
345
346
350
352
350
346
344
346
349
351
350
346
343
346
349
351
350
348
345
345
347
351
351
349
345
345
346
349
351
351
348
345
344
345
348
350
352
351
349
346
345
345
347
348
351
352
351
349
347
345
345
347
350
352
352
350
346
345
345
347
349
351
352
351
349
346
345
345
348
350
352
352
350
347
345
346
349
352
352
350
348
346
345
347
349
351
352
350
