403
403
403
402
402
401
402
403
404
404
405
407
408
409
409
410
409
408
407
406
404
403
403
402
403
403
405
406
408
409
410
411
410
410
409
409
408
408
408
408
408
407
407
407
407
407
407
407
407
406
405
405
405
404
403
403
404
405
406
407
408
409
410
411
411
411
411
412
412
412
411
411
411
411
411
411
410
409
409
409
409
408
408
406
406
406
406
405
405
404
405
405
406
406
408
408
410
411
412
413
413
413
413
412
412
410
410
409
407
407
407
406
406
405
405
406
406
407
408
408
408
410
412
413
413
414
413
413
411
411
411
409
408
408
407
406
406
406
407
409
409
410
412
412
413
413
414
414
414
413
411
411
409
408
407
406
407
408
409
409
410
412
412
413
413
413
413
413
413
413
413
413
413
413
413
413
413
414
414
414
414
414
414
415
414
415
415
415
415
415
415
414
415
415
415
415
415
415
415
415
