361
360
359
357
355
354
354
355
356
359
360
361
361
360
359
356
354
355
357
360
361
362
361
360
357
356
354
356
358
360
362
363
362
360
358
356
355
356
359
361
363
363
362
360
358
356
356
357
359
363
364
363
361
359
358
357
357
359
360
362
363
364
365
364
363
362
361
359
358
357
358
359
361
363
365
365
364
362
359
358
359
360
361
362
364
365
365
366
366
366
365
364
363
362
361
361
360
360
360
360
360
361
362
362
363
364
366
367
367
368
368
368
367
366
366
365
364
363
362
361
361
362
362
364
365
367
368
369
369
368
367
366
365
364
363
362
362
362
363
364
365
368
368
370
370
369
368
367
364
363
363
365
367
369
370
370
368
367
365
364
364
364
365
367
370
370
371
369
368
365
364
364
364
366
368
370
371
372
371
370
369
367
365
364
365
366
367
369
371
372
373
372
371
369
367
366
365
366
368
371
