407
409
410
411
412
412
412
411
409
409
407
406
406
406
405
405
406
407
408
409
411
411
412
412
413
413
412
412
411
411
411
410
410
409
408
407
407
406
408
408
408
409
410
411
412
412
412
413
412
411
410
409
407
406
405
405
405
404
404
403
404
404
404
404
405
406
407
408
410
410
411
411
411
411
412
412
411
412
411
411
412
411
411
412
412
412
412
412
412
412
411
411
411
411
411
411
411
411
411
410
410
409
409
409
409
409
408
408
407
406
406
405
405
405
404
404
404
404
403
403
403
403
403
403
403
403
404
404
404
405
406
408
409
410
411
410
409
408
407
405
404
403
402
403
404
405
407
408
409
409
408
406
404
403
401
402
403
404
407
408
409
410
409
408
407
406
404
403
402
402
404
405
408
409
409
406
404
402
402
404
406
408
409
409
407
405
403
402
402
404
407
408
408
406
403
402
401
403
405
407
