377
375
373
370
368
370
374
377
374
370
368
371
374
376
376
373
370
369
369
371
374
376
374
372
369
368
371
374
375
375
373
369
368
369
371
374
376
375
373
370
368
368
371
374
375
373
370
368
368
370
373
375
376
373
371
369
368
369
370
373
374
375
374
372
369
368
368
370
373
374
375
374
372
369
368
367
368
370
371
373
374
374
373
372
369
367
367
370
372
374
375
374
371
368
367
368
370
373
373
374
372
370
368
366
367
370
372
374
375
374
372
371
369
368
368
367
367
368
370
371
373
374
374
374
372
371
368
367
367
369
372
373
374
371
368
367
367
369
372
373
374
371
368
367
367
369
372
373
374
372
371
368
367
367
367
369
370
372
373
374
374
371
370
368
366
366
368
370
372
374
373
371
368
366
366
367
369
371
372
373
373
371
369
367
366
366
368
370
372
372
373
371
370
367
366
366
368
370
372
373
