361
359
357
357
356
355
356
356
357
358
359
359
360
362
362
363
363
364
363
363
363
361
361
361
361
361
360
358
358
356
356
356
357
358
359
359
361
362
363
364
365
364
363
362
361
360
358
358
358
358
358
357
356
357
357
358
359
360
362
363
363
364
363
363
363
363
363
362
361
361
361
360
360
360
360
359
358
358
358
357
357
357
356
356
356
355
356
356
356
357
358
358
359
359
360
361
361
361
362
362
362
362
363
363
363
362
362
360
360
358
357
357
356
356
355
356
356
356
358
358
359
361
361
362
362
364
363
362
361
360
358
357
356
355
356
356
358
359
361
362
362
363
364
362
363
362
361
360
359
358
357
356
355
355
355
354
355
355
356
356
356
356
357
357
358
358
358
359
359
360
361
361
362
362
363
363
363
363
362
362
362
362
361
361
360
360
359
358
357
357
357
356
356
357
357
358
359
360
360
361
