381
382
383
383
384
384
385
384
384
384
384
384
384
384
384
384
384
384
384
383
383
384
384
383
383
383
383
383
383
383
383
383
383
383
383
382
382
381
381
381
380
380
381
380
380
380
380
380
380
380
380
380
380
380
380
380
380
380
380
380
380
380
380
380
380
380
380
380
380
380
379
378
377
377
376
376
376
375
375
375
374
374
375
375
375
375
375
374
374
374
375
375
375
374
375
375
375
375
377
377
378
380
381
381
382
382
382
381
380
379
379
377
376
375
375
374
374
374
374
374
374
375
375
376
377
378
379
380
380
381
381
382
382
381
380
379
379
378
376
375
375
374
373
374
374
376
377
379
380
381
381
379
378
375
374
374
376
377
379
380
381
382
381
380
379
378
376
375
374
373
374
375
376
377
379
380
380
380
381
381
382
381
381
380
379
379
378
377
375
375
374
374
373
374
374
374
374
375
376
376
