345
346
349
350
350
347
344
343
343
345
349
350
348
345
343
344
346
349
350
348
345
343
343
345
348
350
348
345
343
343
346
349
350
348
346
344
343
345
348
350
350
348
344
343
343
345
349
351
349
345
343
343
345
348
349
350
348
346
344
342
344
345
348
349
350
349
347
345
343
343
345
348
350
350
347
344
343
343
345
346
349
350
350
348
347
344
343
343
345
347
349
350
349
347
345
343
342
343
345
346
348
349
350
349
347
344
343
342
343
345
348
350
349
347
344
343
343
345
348
349
349
347
343
342
345
348
350
348
346
344
342
344
346
348
350
348
345
343
343
344
346
349
350
349
347
344
343
343
345
348
349
349
347
344
343
343
345
348
350
350
347
344
343
343
346
349
350
349
347
344
343
345
348
350
349
347
344
343
345
348
350
350
348
344
343
343
345
348
349
350
348
347
344
343
343
344
345
348
349
350
