360
358
356
356
358
361
362
363
360
358
356
357
360
364
364
362
359
358
358
360
364
366
364
361
359
359
362
365
367
365
362
360
358
360
362
365
366
366
363
361
358
357
357
359
361
364
365
363
361
358
357
360
363
365
364
362
359
357
357
360
363
365
364
362
359
357
358
359
362
364
365
363
362
359
357
357
360
363
364
363
360
358
357
358
359
362
363
364
364
362
360
358
357
356
357
358
360
362
363
364
362
360
357
356
356
359
360
362
363
363
362
360
357
356
356
358
360
362
363
361
359
357
355
357
360
363
362
360
357
356
357
360
362
363
361
359
357
357
359
363
365
363
359
356
356
359
363
363
361
357
357
359
362
365
363
359
357
357
360
363
364
362
358
356
358
360
363
365
363
361
358
356
358
361
364
364
361
358
357
359
362
364
363
361
358
357
358
360
363
364
364
362
360
358
357
357
360
363
364
362
