408
408
408
409
410
411
412
413
414
414
414
414
414
414
414
415
415
415
415
415
415
415
415
415
415
416
416
416
415
415
415
415
415
415
415
415
414
415
414
414
413
413
413
413
413
413
413
413
413
413
413
412
412
411
409
409
409
408
408
408
408
408
408
408
408
408
408
407
407
407
407
408
408
407
407
407
407
407
408
408
409
409
410
410
410
411
412
412
413
413
414
414
414
415
415
414
414
414
414
414
413
412
412
412
411
410
409
408
408
407
407
407
407
408
409
410
411
412
413
414
414
414
414
413
412
411
410
409
408
408
407
407
406
407
407
409
409
411
412
413
413
414
413
413
412
411
409
408
407
406
407
408
409
411
412
413
414
413
412
411
410
408
407
407
407
406
406
407
408
409
411
412
413
414
413
413
411
411
409
408
408
407
406
407
406
406
407
407
408
409
411
411
412
413
413
412
411
408
406
406
