350
348
347
345
344
344
343
344
344
346
347
348
349
349
350
350
351
350
350
349
348
348
347
347
345
344
343
343
343
344
345
347
348
349
350
351
350
350
349
348
347
345
344
343
343
342
343
343
343
343
344
345
346
348
349
350
350
348
346
344
343
343
345
348
349
350
350
349
347
345
344
343
342
343
344
345
348
349
349
349
348
346
344
343
342
342
343
345
348
349
349
349
349
347
345
343
342
342
343
344
345
347
348
349
350
349
349
348
347
346
344
343
342
342
342
343
345
345
347
348
349
349
350
349
349
349
347
347
346
344
344
343
342
342
342
343
343
344
345
346
348
349
350
350
349
347
346
344
343
342
343
345
346
349
350
350
347
346
343
343
343
344
345
348
349
349
350
350
349
348
347
346
344
344
343
343
343
344
345
345
346
347
348
349
349
350
350
349
347
345
343
343
344
346
349
350
351
350
348
347
