396
399
399
400
400
399
397
394
393
393
395
396
399
400
400
398
395
393
392
393
395
398
400
399
396
393
392
393
395
398
399
398
396
393
392
392
394
395
398
400
398
396
393
391
392
394
397
398
399
398
396
394
393
392
392
394
395
397
398
397
395
392
391
390
391
393
394
396
397
398
398
398
397
395
395
394
393
392
391
391
390
390
391
392
393
395
397
398
397
395
392
391
390
393
394
396
397
398
397
396
394
392
391
390
391
393
394
396
397
397
396
394
391
391
390
391
393
394
396
396
397
398
397
397
397
395
395
394
393
392
391
390
390
390
390
391
392
392
393
394
394
395
395
395
396
396
396
397
397
397
397
396
395
394
392
391
390
390
391
393
395
396
398
397
396
394
393
391
391
390
389
390
391
392
394
395
396
397
396
394
393
390
389
390
392
394
396
397
396
394
391
390
388
389
390
392
394
395
397
396
