358
359
361
365
364
360
358
363
365
360
358
361
365
363
358
360
364
364
359
359
363
365
360
358
362
366
362
358
360
365
363
358
360
365
363
358
360
364
364
360
358
363
365
361
357
361
365
363
359
359
364
364
360
358
361
365
363
359
358
361
365
364
360
357
360
364
365
363
359
358
360
363
364
365
363
359
357
360
363
365
364
361
358
358
361
365
364
361
358
358
361
364
365
362
359
358
360
364
365
363
360
358
360
364
364
360
358
360
364
365
362
359
359
361
365
364
360
358
359
361
364
365
363
359
358
359
362
365
364
362
359
358
360
364
365
363
360
358
358
360
363
365
364
361
358
358
361
364
365
362
359
357
359
363
365
362
358
357
360
364
365
362
358
357
359
363
365
363
360
357
357
360
363
364
363
361
358
357
359
363
365
362
360
357
357
359
362
363
364
361
358
357
357
359
362
364
363
361
358
356
