362
360
357
355
357
359
362
363
361
358
356
357
359
362
364
364
362
360
357
356
356
357
358
361
362
363
363
362
360
358
357
356
357
358
361
362
364
363
361
358
357
356
358
359
362
363
364
363
362
361
361
361
360
360
359
358
357
356
356
356
356
358
359
361
362
363
362
361
359
358
357
356
355
355
356
357
359
361
362
363
363
362
361
360
360
359
357
356
356
356
356
358
359
361
362
363
363
363
362
361
360
358
357
356
356
357
359
359
362
362
363
364
363
362
361
360
358
357
356
356
357
359
361
362
363
363
362
360
359
357
357
356
358
360
362
364
362
360
357
357
356
358
360
362
364
362
359
357
356
358
361
363
362
360
357
356
358
361
363
362
360
357
355
357
360
362
362
360
356
355
356
358
361
363
363
360
358
355
356
358
361
363
362
360
358
355
356
358
359
362
363
361
359
356
355
356
358
359
361
363
