384
384
385
384
384
384
382
381
379
378
378
377
377
377
377
378
379
379
380
381
382
383
384
384
384
384
383
382
381
379
378
377
376
377
378
379
380
382
383
383
383
384
384
385
384
384
383
383
382
382
381
380
378
378
377
376
377
377
377
378
379
379
380
382
382
383
383
383
384
384
383
383
381
381
380
380
379
378
378
377
376
376
376
377
377
378
379
381
382
383
384
383
382
381
381
379
378
377
377
376
375
376
376
377
378
379
380
382
382
383
383
382
381
380
377
377
376
376
376
377
378
378
379
380
381
382
382
383
383
383
382
380
380
378
377
376
375
374
375
376
376
376
377
378
377
378
378
378
378
378
379
380
380
381
381
381
381
382
382
382
382
382
383
382
382
381
380
379
378
377
376
375
374
375
375
377
377
380
381
381
382
381
379
378
376
375
374
374
375
376
377
379
380
380
381
381
382
381
381
379
