380
378
377
375
374
373
373
375
376
378
380
381
380
378
376
374
372
373
375
376
378
380
380
380
380
379
378
377
376
374
373
373
374
376
379
380
379
377
374
373
373
375
378
380
380
379
377
374
373
373
375
376
379
379
380
378
376
373
372
373
376
378
379
379
377
374
373
372
373
375
378
379
380
379
377
377
375
374
373
373
372
371
372
373
374
375
377
378
379
380
379
379
378
378
377
377
376
375
374
373
373
372
371
372
373
374
377
378
378
379
378
377
376
375
374
373
373
372
372
371
372
373
374
375
377
377
378
378
379
379
378
378
376
375
373
372
371
372
372
374
375
376
377
378
378
379
378
378
377
375
373
372
372
371
372
374
376
377
378
379
378
376
376
375
373
372
372
371
371
371
371
372
372
373
374
374
376
377
378
378
377
376
374
372
371
371
372
373
374
376
377
378
378
378
377
375
372
371
370
371
