344
345
347
350
352
349
346
344
345
348
351
351
349
345
344
347
350
352
351
348
346
344
347
350
352
351
349
346
345
345
347
350
351
351
349
346
344
346
348
351
352
351
350
347
345
345
347
350
351
351
348
345
345
347
351
352
349
346
344
346
349
352
350
347
344
344
347
350
352
350
347
344
344
346
350
352
350
346
344
345
347
351
351
349
346
344
345
347
350
351
349
346
344
345
348
351
350
348
345
345
348
351
351
349
346
345
347
350
352
351
348
345
345
348
351
352
350
346
345
345
347
350
352
352
350
348
346
345
347
349
351
352
349
346
344
347
350
352
351
348
346
345
348
351
352
350
347
346
346
349
352
352
349
346
345
347
350
352
352
349
346
345
348
351
352
351
349
345
345
348
350
352
352
349
346
346
348
351
352
352
349
346
346
348
352
352
350
347
346
346
348
352
352
350
347
345
346
349
352
352
