349
351
354
356
354
350
349
349
352
355
356
353
350
349
351
355
355
353
350
349
351
353
355
356
354
350
348
350
354
356
354
350
349
351
354
355
352
348
348
351
354
354
350
347
349
352
355
352
349
347
348
350
352
354
352
349
346
346
349
352
352
350
346
346
348
352
352
350
347
345
346
348
351
352
352
349
346
346
348
352
353
350
347
346
346
349
352
353
351
348
345
347
349
352
354
353
351
348
347
347
350
353
354
354
352
349
348
348
351
353
355
355
353
351
349
348
349
350
352
354
355
355
353
351
350
349
349
350
352
354
356
356
355
353
350
350
349
351
354
355
357
356
355
354
352
351
350
350
350
352
353
355
357
358
357
355
354
352
351
350
351
352
353
354
356
357
358
358
358
358
357
356
355
354
352
351
351
352
354
356
358
359
358
356
354
352
351
352
353
355
357
358
358
356
355
353
353
352
351
352
