344
347
347
345
342
340
341
343
346
348
345
341
341
344
347
347
342
340
343
347
345
340
342
346
347
342
340
344
348
345
341
343
347
346
342
341
346
348
345
341
341
346
348
345
341
341
343
347
347
344
341
342
346
348
345
341
340
343
347
347
344
341
341
346
348
345
342
340
342
345
347
347
344
341
341
343
346
347
345
342
341
341
343
347
348
345
342
340
342
346
348
346
342
340
342
346
348
345
342
340
343
347
347
344
341
341
344
347
347
343
341
341
344
347
347
344
341
340
343
346
348
346
342
340
343
346
348
347
343
341
341
343
347
348
347
344
342
340
341
343
346
348
348
345
342
340
341
345
348
347
344
341
341
343
347
348
345
342
340
342
345
348
347
345
342
341
343
347
348
345
342
340
342
345
347
348
345
342
341
341
343
347
348
346
343
341
341
343
346
348
347
344
341
341
343
346
347
347
345
342
