385
387
388
387
385
384
382
381
381
381
383
384
386
387
389
388
386
385
383
382
381
382
383
386
388
389
388
386
385
383
382
382
381
382
383
384
386
388
388
389
388
386
384
383
381
382
383
385
387
388
389
389
388
387
386
385
383
383
382
382
382
382
384
385
385
387
388
389
390
390
390
390
390
389
388
387
385
383
383
384
385
386
387
388
389
389
390
390
390
391
391
391
390
389
387
386
385
384
384
384
386
387
389
390
391
391
391
389
387
385
385
384
385
387
388
390
391
392
392
392
390
389
388
387
387
385
385
386
386
386
388
388
389
391
392
393
394
393
392
391
388
388
387
386
388
389
392
394
394
393
391
389
388
387
388
390
392
394
394
394
392
391
389
388
387
389
390
392
394
395
395
395
393
392
390
389
388
388
388
389
391
393
394
396
395
393
390
389
389
388
389
390
391
391
392
394
395
396
397
396
