346
343
342
341
342
344
345
347
348
348
349
348
347
346
344
343
342
342
341
342
342
344
344
345
346
347
348
348
348
348
348
349
349
349
349
348
348
348
347
346
346
345
344
343
343
342
341
341
342
342
342
344
344
344
345
346
347
348
348
348
349
349
348
349
349
348
348
348
347
346
346
346
345
345
344
343
343
343
343
342
343
342
342
342
341
342
342
342
342
343
344
344
344
344
344
345
346
347
348
348
349
349
348
346
345
343
343
342
342
341
342
342
342
343
344
344
345
346
347
347
348
348
349
348
349
348
347
346
344
343
342
342
341
342
342
344
344
345
347
348
348
349
349
349
349
348
348
347
347
346
345
345
343
343
343
342
342
341
342
342
342
342
343
344
345
346
347
348
348
348
349
349
348
348
346
346
345
344
343
342
342
342
341
341
341
342
342
343
344
345
347
347
348
348
348
348
348
346
346
344
