363
363
364
364
365
365
364
363
361
359
359
358
358
357
358
358
358
359
359
359
359
359
360
360
360
361
362
363
364
364
365
365
365
365
365
365
364
364
363
362
362
361
359
359
358
358
358
358
357
357
358
358
359
360
361
362
363
363
364
364
365
365
365
364
362
362
361
360
359
358
358
357
357
357
358
358
360
360
361
363
364
365
365
364
363
362
361
359
358
357
358
360
360
362
363
364
365
365
365
363
362
360
359
357
358
360
361
363
364
365
366
365
365
364
364
363
363
362
362
360
359
359
358
358
358
359
360
361
362
363
364
364
365
365
366
365
364
363
362
361
360
359
358
358
359
361
362
364
365
366
365
363
362
361
360
359
358
358
358
358
358
358
358
359
360
360
361
363
364
365
366
365
364
363
362
360
359
358
357
358
359
360
361
363
364
364
365
366
365
364
363
362
360
359
357
359
360
363
364
365
