346
347
345
342
340
340
342
345
346
347
345
343
340
339
340
341
343
345
346
347
346
345
343
341
340
339
339
341
344
345
345
344
342
339
338
339
341
344
345
345
343
341
339
337
338
340
343
344
345
343
342
339
338
337
338
340
341
343
344
344
345
345
345
344
342
341
339
338
337
337
338
338
340
340
340
341
343
343
343
343
344
345
345
344
342
341
339
338
337
337
339
340
343
344
345
344
342
340
338
337
337
338
339
342
343
344
344
342
341
338
337
337
337
337
339
340
342
343
343
344
344
343
343
342
342
341
341
341
341
340
338
338
337
337
337
337
337
337
337
337
337
337
337
337
337
337
337
337
337
337
337
337
337
337
337
337
337
337
337
337
337
338
338
338
338
338
340
340
340
341
343
344
344
345
345
345
345
345
344
342
342
341
339
339
339
338
338
337
338
338
338
339
340
341
342
344
344
344
345
346
