392
392
392
392
392
393
393
393
393
391
390
388
386
386
387
389
392
393
393
390
387
385
387
390
392
393
390
387
386
386
389
392
393
390
387
386
386
388
392
393
392
389
386
385
388
390
392
392
390
387
385
385
387
388
391
393
391
389
386
385
387
391
392
392
389
386
385
386
389
391
392
391
388
385
385
387
391
392
390
387
384
386
389
392
392
389
386
385
387
390
392
392
390
388
386
385
387
390
392
392
390
387
385
385
387
390
392
392
389
386
384
386
388
391
392
392
389
386
385
387
390
392
392
389
386
385
386
389
391
393
392
390
387
385
386
388
391
393
392
390
387
386
386
388
391
392
393
390
387
386
386
388
391
392
392
390
387
386
385
388
390
392
393
391
388
386
386
389
392
393
391
388
386
386
389
392
393
391
388
386
387
389
392
393
393
391
389
387
386
387
389
392
393
394
392
390
387
386
388
389
