360
360
360
360
359
357
357
356
356
357
359
362
363
363
361
360
357
355
356
358
360
362
362
359
358
355
354
355
358
361
362
360
357
354
355
357
361
362
359
356
355
355
359
361
360
356
354
356
360
361
361
358
355
354
357
361
362
359
356
355
355
359
361
361
358
354
355
357
361
361
359
356
354
355
358
361
361
359
355
354
357
361
361
359
355
354
356
360
362
360
358
355
354
355
358
360
361
359
356
354
356
359
361
361
358
355
354
356
360
361
359
356
354
355
357
360
362
360
357
355
354
356
358
360
362
361
359
356
355
354
355
357
360
362
360
358
355
354
354
356
358
360
361
361
359
356
354
355
357
359
361
362
361
360
359
358
356
355
355
354
354
355
355
356
357
360
360
361
361
361
359
357
355
354
354
356
358
360
361
361
360
359
357
355
354
354
355
357
359
361
361
360
358
356
355
354
354
355
356
358
