381
380
381
381
382
383
383
384
385
386
386
387
387
387
388
387
387
386
385
385
384
383
382
381
381
380
380
380
380
380
380
382
383
383
385
386
387
387
385
383
381
380
380
380
382
382
383
385
385
386
386
387
386
386
386
384
383
381
380
379
379
379
380
380
379
380
381
382
382
384
384
385
385
386
386
386
386
385
384
383
382
380
379
379
378
380
381
382
384
385
386
385
384
383
382
380
380
379
379
378
378
378
379
380
381
383
384
384
385
383
382
380
379
378
377
377
378
380
381
382
383
383
384
384
384
384
385
385
384
383
382
382
381
379
379
378
378
377
377
376
376
377
377
377
378
379
380
382
383
383
384
384
383
383
381
379
377
377
376
378
380
382
383
385
383
384
383
381
381
381
379
378
377
376
376
376
377
379
380
382
383
383
384
383
382
381
380
379
378
378
377
377
376
376
376
376
376
376
376
378
