361
363
363
361
358
357
356
357
359
362
363
364
363
361
358
356
357
359
362
364
363
361
358
357
357
359
363
364
361
358
357
359
362
365
362
359
357
358
361
364
364
362
359
357
357
359
363
364
364
362
359
357
357
359
362
364
364
362
359
357
357
359
363
364
365
362
360
358
358
360
361
364
366
365
363
361
359
358
358
360
362
365
366
365
363
361
359
358
359
361
364
366
366
365
363
360
359
359
361
365
366
366
363
361
359
359
361
364
366
365
363
360
358
359
361
364
366
366
363
361
359
358
359
362
365
366
364
361
358
360
363
366
365
363
360
358
359
361
364
366
365
363
360
358
360
364
365
365
363
360
358
359
361
365
366
364
360
358
360
364
365
365
363
360
358
356
357
359
362
362
360
357
356
356
359
362
363
360
356
355
357
359
362
363
361
359
357
355
356
358
361
362
363
361
358
356
355
356
358
361
