359
359
360
360
361
362
362
362
363
363
363
364
364
363
362
361
362
361
361
359
358
358
358
358
357
358
358
358
358
358
359
359
360
360
359
360
359
360
360
359
358
357
357
357
356
356
357
357
357
358
358
358
358
358
358
359
359
359
360
360
360
361
361
360
360
360
359
359
359
359
359
359
359
360
360
360
360
360
359
358
359
358
358
358
358
357
358
357
357
357
356
356
356
356
357
357
357
357
357
358
358
358
359
359
359
359
359
360
361
362
362
362
362
363
363
362
363
363
363
363
363
362
362
362
362
362
362
362
362
362
363
363
364
364
363
363
363
362
362
361
361
360
360
359
358
357
357
357
357
357
357
357
358
359
360
361
363
364
365
366
367
366
365
363
362
361
359
358
357
356
356
356
356
357
358
359
359
360
361
362
363
363
364
364
366
365
365
365
365
366
366
365
364
363
363
363
363
363
363
363
