392
390
389
389
389
389
391
392
394
394
396
396
396
396
394
393
391
390
389
390
391
392
395
396
396
397
397
395
394
392
390
390
391
393
396
397
397
395
393
391
391
392
394
396
398
398
396
394
392
391
392
394
397
399
398
396
393
392
392
395
398
400
399
397
394
392
392
393
395
397
399
399
400
399
397
395
394
392
394
396
397
399
400
401
400
399
398
396
395
393
394
396
397
400
401
402
400
398
396
394
395
397
399
401
403
402
400
397
396
395
396
398
401
402
403
402
400
399
397
396
395
396
397
398
399
401
402
403
404
403
401
400
398
397
397
399
400
403
404
404
402
402
399
398
397
397
398
400
401
404
405
405
403
400
398
398
400
401
404
406
405
403
400
399
399
400
402
405
406
406
404
401
400
400
401
403
405
407
407
405
402
401
400
401
403
406
407
407
406
405
403
402
401
401
402
404
406
407
408
409
