364
363
362
361
359
357
356
356
358
359
362
364
362
360
357
355
358
361
364
360
357
355
358
361
364
362
360
357
355
357
359
362
363
361
358
356
356
358
361
363
363
360
357
355
358
361
362
363
360
359
356
355
356
358
361
362
363
362
360
358
356
354
356
358
360
362
362
360
357
355
356
358
361
363
363
361
359
357
355
357
359
362
364
362
360
357
356
358
360
362
362
360
358
355
355
357
360
362
362
360
358
355
355
358
361
362
360
356
355
357
361
362
360
357
355
356
358
361
362
360
357
355
355
357
361
362
360
357
354
356
360
362
361
358
355
355
357
360
361
362
360
359
356
354
357
359
362
361
359
355
355
357
360
362
362
360
359
356
355
355
356
357
360
361
361
362
361
360
358
356
355
355
355
355
357
359
361
362
360
358
356
355
357
358
361
363
362
360
358
356
355
355
356
358
360
362
363
362
360
358
