346
348
351
352
352
350
347
345
345
347
350
352
352
350
348
346
345
346
348
351
352
351
349
346
345
345
347
351
352
351
347
345
346
349
352
352
349
346
345
347
350
352
351
348
345
345
347
350
352
351
348
345
345
347
351
353
351
349
346
344
346
348
351
352
351
350
347
345
345
346
348
351
352
352
351
349
347
346
345
346
347
350
352
352
350
347
345
346
348
350
352
352
350
349
346
345
345
346
348
351
352
352
351
349
347
345
345
347
349
351
352
352
350
349
346
345
345
347
349
351
352
352
351
350
347
345
345
347
349
352
352
351
348
346
345
348
350
352
352
351
349
347
346
346
347
349
352
353
352
350
347
345
346
349
352
353
351
348
346
346
348
351
353
353
351
350
347
347
346
348
350
352
353
353
353
351
350
348
347
347
346
348
350
351
352
352
350
349
347
346
345
345
346
348
350
352
352
350
349
346
