381
381
381
381
379
376
374
375
377
380
381
381
380
378
375
374
375
377
379
381
381
382
380
378
375
374
375
377
380
381
382
381
379
377
375
375
377
379
382
382
380
376
375
375
378
381
383
381
379
376
375
375
377
380
382
382
380
377
375
376
378
381
383
382
379
376
375
378
381
384
382
379
376
376
378
381
383
383
381
378
376
376
379
382
383
381
377
376
378
381
383
383
381
377
375
377
379
382
384
382
380
377
375
377
379
382
384
382
379
377
376
379
382
384
383
381
378
376
377
379
382
384
384
384
381
379
377
377
378
380
383
384
385
383
382
379
378
377
378
380
381
384
385
386
385
383
380
379
378
380
382
385
386
386
384
381
380
378
380
382
384
386
387
386
384
381
380
379
380
382
385
386
387
386
384
383
381
380
380
381
382
385
386
387
387
386
384
382
381
380
380
381
381
382
383
384
385
387
388
386
