369
368
368
367
368
368
370
370
373
374
375
375
374
372
371
369
368
367
368
369
370
372
374
374
375
375
375
373
372
371
369
368
368
368
370
371
373
375
376
375
373
372
370
369
369
369
371
372
374
376
376
375
373
371
370
369
369
370
371
372
374
375
376
377
376
374
373
371
370
369
369
370
372
373
374
376
376
376
377
377
376
376
375
374
372
371
370
369
370
370
372
374
376
378
377
375
372
370
370
371
373
375
377
378
377
375
373
371
370
371
373
373
375
376
377
377
377
378
378
376
375
373
371
370
371
373
376
378
378
376
374
372
370
372
374
376
377
378
378
378
377
376
375
375
373
372
372
372
371
372
374
376
377
379
378
376
372
371
372
374
377
378
379
378
378
376
374
372
371
372
374
377
379
378
376
373
371
373
375
378
379
379
377
375
373
372
371
372
372
374
375
377
378
379
379
379
377
377
375
374
