389
388
389
391
393
395
396
395
393
390
389
392
395
397
395
392
389
392
395
397
395
391
390
393
396
397
394
390
391
396
398
395
391
392
396
398
395
391
392
397
399
396
393
392
395
399
399
396
393
392
395
399
400
397
394
392
395
398
400
400
396
394
394
396
399
401
400
398
394
394
396
399
401
401
398
395
395
397
399
401
402
400
397
395
395
398
401
403
402
399
396
395
398
401
403
403
401
398
396
396
398
400
402
404
402
400
397
396
397
400
403
405
404
401
398
397
399
402
404
405
402
399
397
399
403
405
404
402
399
398
399
401
404
406
405
403
399
398
400
402
405
406
404
401
399
399
401
403
405
407
406
404
401
400
400
402
405
407
406
403
400
400
401
403
406
407
407
405
404
401
400
400
401
403
406
407
407
405
402
400
402
404
406
408
408
407
406
404
402
401
400
402
403
406
408
409
408
406
404
402
