390
390
388
385
384
382
384
386
388
389
390
387
384
383
382
383
385
388
390
389
387
384
382
382
384
387
389
389
387
384
383
381
382
384
387
388
388
387
385
383
381
381
382
383
384
386
386
387
387
388
388
388
387
386
385
385
384
382
382
381
380
381
382
383
383
386
387
388
387
386
385
384
382
381
380
380
381
382
383
383
385
386
387
387
386
386
385
384
384
383
382
381
381
380
380
379
380
380
382
383
385
386
386
384
383
380
378
380
382
384
385
387
386
384
382
380
379
379
381
382
384
386
386
384
383
380
379
379
381
382
385
385
385
384
382
380
378
379
381
383
384
385
385
383
382
379
379
378
379
381
384
385
385
383
382
380
378
377
378
379
380
381
381
383
384
384
385
385
385
384
383
382
380
379
378
378
377
377
378
379
380
382
384
384
384
384
381
379
377
377
378
380
383
383
384
384
384
382
382
381
