343
343
344
344
344
344
345
346
346
346
346
346
347
347
347
347
347
347
347
346
346
346
345
344
344
343
341
340
339
339
341
343
345
347
346
343
340
339
340
343
345
347
344
341
340
340
343
346
347
345
342
340
339
342
346
346
344
340
340
342
345
346
344
340
340
342
346
347
344
340
339
341
345
346
346
343
340
339
342
346
346
343
340
339
342
345
346
344
341
339
341
344
347
345
341
340
340
343
346
346
343
339
340
342
346
346
344
340
339
341
345
347
346
343
340
339
342
345
346
344
341
339
340
343
346
347
344
341
340
340
342
345
346
346
343
340
339
342
345
346
346
344
341
339
339
342
345
347
346
343
340
339
342
345
347
344
341
339
339
341
344
345
346
344
341
339
339
341
344
346
345
343
339
339
340
343
345
346
345
343
340
339
339
341
342
345
347
345
343
340
339
340
343
345
346
343
340
339
339
341
