407
409
410
411
411
411
409
408
407
406
405
404
405
407
408
411
412
412
412
410
409
407
406
406
405
406
408
409
411
412
413
413
412
410
408
407
406
406
407
408
409
412
412
413
414
413
413
412
411
411
409
408
408
408
408
410
413
412
414
414
413
412
410
408
407
407
407
408
409
410
411
412
413
414
414
414
414
412
412
410
409
408
408
408
408
410
411
413
414
414
415
415
414
413
412
411
409
409
408
407
408
409
410
411
413
414
415
415
415
413
410
409
408
411
412
414
415
416
415
413
412
410
409
409
408
408
409
411
411
413
414
415
415
416
415
413
411
410
408
409
410
411
413
414
415
416
416
415
413
411
410
408
409
410
411
412
413
414
415
416
416
416
417
417
416
416
416
415
414
414
413
412
411
410
410
409
409
410
410
411
412
414
415
416
417
416
416
415
414
414
414
414
413
413
412
411
411
410
410
410
