408
406
402
403
406
409
408
405
402
403
406
409
408
405
402
402
405
408
408
406
402
401
403
406
408
408
405
402
401
403
406
408
407
403
401
402
404
407
408
406
402
401
403
407
407
404
401
401
405
407
406
403
400
400
403
406
407
405
401
400
402
406
407
404
401
399
401
404
406
406
403
401
399
399
401
403
405
406
403
400
399
400
402
405
405
403
399
398
401
404
406
403
400
399
399
401
404
406
404
401
398
399
401
405
404
400
397
400
403
406
404
401
399
397
398
400
403
404
404
403
401
399
397
398
400
401
404
405
403
401
398
397
398
400
403
405
403
401
398
396
398
400
403
404
403
401
399
397
397
399
402
403
403
401
398
397
396
398
401
403
403
401
399
397
396
397
398
402
403
403
400
397
395
396
398
401
402
403
401
398
396
396
397
399
401
402
402
402
400
398
397
396
395
395
396
397
398
400
401
402
