389
391
392
393
395
396
396
395
393
392
389
388
388
389
390
393
394
395
396
394
393
391
390
389
389
388
388
387
388
390
390
392
394
394
395
394
396
395
395
395
395
395
393
392
390
389
388
387
386
388
387
388
388
389
390
390
391
392
393
394
395
395
394
392
391
389
388
387
387
388
389
390
393
394
394
394
391
389
387
387
388
389
390
392
393
394
394
394
394
393
393
392
391
389
388
387
386
388
390
392
393
394
394
391
390
387
387
387
388
389
392
393
394
394
393
391
389
388
387
386
387
388
389
391
393
394
394
393
391
388
387
387
389
391
393
394
392
390
387
386
388
390
392
393
392
391
389
387
386
387
389
392
393
393
390
388
387
387
386
388
390
392
393
392
389
387
386
388
390
392
393
391
388
386
387
388
389
391
393
393
392
390
388
387
386
386
387
388
389
391
392
392
393
393
393
393
391
391
390
388
