348
350
350
350
348
347
344
344
344
345
347
349
350
350
348
345
344
342
343
345
348
349
350
349
347
346
343
342
343
345
348
349
349
348
346
344
342
342
344
347
348
349
348
346
343
342
343
345
349
350
349
346
343
343
342
344
346
348
349
349
347
344
343
343
345
349
349
349
347
344
343
342
344
345
347
349
349
350
349
347
344
343
343
344
345
348
351
349
347
344
342
343
345
348
349
349
348
346
344
343
343
345
346
348
349
349
348
347
344
343
342
343
345
347
348
350
349
347
346
343
343
342
344
347
348
349
348
347
344
342
342
343
345
348
349
349
349
348
347
344
343
343
343
345
348
349
350
350
349
348
347
347
345
344
343
342
343
344
345
346
348
349
350
350
348
347
344
343
343
344
346
348
349
350
350
350
349
348
348
347
345
344
344
343
343
343
344
346
346
347
349
350
350
351
350
350
349
348
346
345
