349
347
346
346
348
350
352
353
353
351
349
347
346
347
350
352
354
352
350
348
346
346
348
350
352
353
352
350
347
346
346
348
351
352
352
351
349
347
345
345
346
347
349
351
352
352
350
347
345
345
347
350
352
352
351
349
346
345
345
347
349
351
353
352
349
347
345
345
347
349
351
352
352
351
350
349
347
346
345
345
347
348
351
352
352
350
348
346
345
346
347
349
351
352
352
350
349
347
346
345
346
348
349
352
352
352
350
348
346
345
346
348
351
352
353
352
350
348
346
346
347
349
352
353
354
353
351
349
347
346
347
349
350
352
354
354
353
352
351
349
348
348
347
349
350
353
354
354
354
352
349
348
348
347
348
349
350
352
353
354
354
354
355
355
354
353
352
351
350
349
349
348
348
348
350
352
354
355
355
353
351
349
349
348
349
351
352
354
354
355
355
356
355
355
353
353
351
350
349
349
