375
376
377
379
380
381
381
381
379
377
376
375
374
374
375
376
377
378
380
381
381
382
383
382
382
381
381
380
379
378
377
375
375
375
376
378
379
381
382
383
382
380
379
377
376
374
375
375
376
378
378
378
378
379
379
380
381
381
382
383
383
383
383
381
380
378
377
377
376
376
377
377
378
378
379
379
380
381
382
383
383
384
384
384
385
384
384
383
382
381
380
379
378
378
378
378
378
378
378
378
379
379
379
379
381
381
381
382
382
384
385
386
386
387
386
386
386
386
386
386
386
385
384
384
383
382
380
380
380
380
381
383
383
385
386
387
388
387
385
382
381
380
380
381
383
384
386
386
387
388
388
388
389
389
389
389
389
389
388
387
387
386
384
383
383
382
382
383
384
385
386
387
388
388
389
389
390
391
391
390
390
390
389
388
388
386
385
384
383
384
385
386
387
389
390
390
391
391
392
392
