357
356
357
359
362
363
364
361
358
357
357
359
362
364
364
363
361
359
358
357
358
360
360
363
364
365
366
364
362
360
357
356
356
356
358
360
361
362
362
361
360
359
359
358
357
356
356
356
356
355
356
356
357
357
358
358
360
361
362
362
362
362
361
360
357
356
355
356
358
361
363
362
361
359
357
356
356
355
355
356
356
358
358
360
361
362
363
362
360
359
357
356
356
354
355
355
356
356
357
357
358
359
360
361
361
362
362
362
363
363
363
362
362
361
360
360
360
359
358
357
356
356
355
356
358
359
361
362
363
362
360
359
357
356
356
355
356
356
358
358
359
361
361
362
363
363
363
362
361
360
359
358
357
356
356
356
357
358
359
360
360
362
363
364
365
364
364
364
363
362
362
361
360
359
359
358
359
358
359
360
361
362
362
364
365
366
367
367
367
367
367
367
366
365
364
363
363
362
362
361
