363
364
364
364
363
363
363
362
362
362
361
360
360
360
360
360
359
359
358
357
356
356
355
355
354
355
355
356
357
359
360
361
362
363
362
362
362
360
360
360
358
357
356
355
355
355
355
355
356
356
356
357
357
358
360
361
362
363
362
362
361
360
359
358
357
356
355
355
356
357
358
360
362
363
363
363
361
360
358
357
356
355
356
358
360
362
363
363
361
360
358
357
356
356
356
357
359
361
362
363
362
360
359
357
356
355
355
356
358
361
362
363
361
360
357
355
356
357
359
361
362
362
360
357
355
356
358
361
362
360
356
356
358
361
363
360
357
355
357
360
362
363
360
357
355
356
359
362
362
358
355
356
360
362
362
359
356
355
357
359
362
362
361
358
356
355
358
361
363
362
359
356
355
357
359
361
363
361
359
356
355
356
358
360
362
362
360
357
355
356
358
361
362
362
360
357
356
355
357
359
