371
371
373
373
374
376
377
377
378
378
378
378
378
377
377
377
376
376
376
376
375
375
374
374
374
373
372
372
372
371
371
371
370
370
371
371
371
372
373
373
374
375
376
376
377
377
377
378
378
378
378
378
379
378
378
378
377
377
376
375
373
373
372
371
371
370
371
371
371
371
371
371
371
371
372
372
372
372
372
372
371
372
371
371
372
372
372
372
372
372
372
372
371
371
372
372
372
372
372
372
372
372
372
372
372
372
372
371
371
371
372
372
372
372
372
373
373
374
374
374
375
375
375
377
377
377
378
379
379
378
376
376
373
372
372
372
373
374
377
379
379
379
377
376
374
373
373
372
372
372
372
371
372
373
373
374
375
376
377
378
378
378
378
378
378
378
378
379
379
378
379
379
379
379
379
379
379
378
378
377
377
377
377
376
376
376
375
376
376
375
375
375
375
375
374
374
374
374
374
373
