364
362
361
359
358
357
357
358
360
362
363
364
365
364
363
362
361
359
358
357
357
357
359
360
362
363
364
364
363
362
360
358
357
357
359
360
362
364
364
363
361
360
358
357
357
359
360
363
364
362
360
357
357
359
361
363
364
362
359
357
355
357
358
359
361
362
363
363
362
361
358
357
356
358
361
363
363
361
360
357
356
357
359
361
363
363
364
362
361
358
357
357
356
357
357
357
357
359
359
360
361
362
363
364
364
364
363
361
359
357
356
358
359
361
363
363
361
359
357
355
356
358
361
363
363
361
358
356
357
359
362
364
363
361
358
357
356
357
359
361
363
363
364
362
361
358
357
356
357
359
361
363
364
364
361
360
357
356
358
360
363
364
363
360
358
357
357
358
359
360
362
363
363
364
363
361
360
358
357
356
357
359
362
363
364
363
361
358
357
357
359
362
364
363
360
358
356
359
361
363
