365
365
364
361
358
357
357
358
359
361
363
365
365
364
362
359
357
357
359
362
364
365
364
362
359
357
358
361
364
365
364
362
359
358
358
360
362
364
366
365
363
359
357
359
363
365
366
364
361
359
358
359
362
365
366
365
362
359
358
358
361
362
364
365
366
367
367
366
365
364
362
361
361
360
359
360
361
362
363
366
367
367
368
368
367
365
362
360
361
363
367
369
368
366
363
361
361
363
364
367
368
369
368
366
363
362
361
362
364
366
368
369
369
368
366
363
361
361
362
363
365
365
363
360
356
355
354
355
357
358
360
361
363
362
361
359
358
356
355
354
354
354
356
357
358
360
362
362
362
360
359
356
356
354
354
356
361
358
358
361
363
361
361
358
357
360
357
356
355
355
354
354
355
356
357
357
357
358
360
360
361
362
362
363
363
362
361
360
360
360
359
359
358
356
356
356
356
356
356
355
