358
359
360
360
361
361
360
360
359
358
358
357
357
356
355
355
354
354
353
353
354
354
356
357
359
360
360
360
358
357
355
354
353
353
355
356
359
360
361
361
360
358
358
357
356
355
355
355
355
354
354
354
354
353
353
353
353
354
354
354
354
354
355
355
355
357
357
357
358
359
360
360
360
361
361
362
361
361
361
361
361
362
361
361
361
360
360
359
359
359
359
359
358
358
358
358
356
356
356
355
355
354
354
355
355
357
358
359
360
361
362
361
361
359
358
356
355
355
355
355
355
356
357
358
360
361
362
362
362
362
361
360
360
359
358
357
356
355
355
357
358
373
355
335
376
360
364
327
357
360
361
361
361
361
360
360
360
360
359
359
358
352
374
358
343
351
355
357
355
358
353
354
364
354
352
355
356
358
357
357
359
361
364
354
358
361
361
362
363
364
364
363
363
363
362
361
361
361
361
361
