356
360
362
361
357
354
357
361
362
360
356
355
357
361
363
360
356
355
359
362
362
357
355
358
362
363
361
357
357
359
363
364
362
358
357
359
363
365
364
362
359
358
361
365
366
364
361
359
360
362
365
368
366
363
360
360
363
367
368
365
362
360
362
366
368
368
365
362
361
361
363
366
368
368
365
362
361
360
361
363
366
367
365
363
360
359
360
361
364
364
365
364
361
358
357
357
359
362
362
364
362
361
360
357
356
356
355
356
357
359
361
362
362
360
358
356
355
355
356
358
360
361
363
362
362
361
359
357
356
356
358
360
363
364
363
361
359
357
358
359
361
363
364
366
365
363
360
359
359
361
363
366
367
365
363
360
359
360
362
365
366
367
366
365
364
362
361
360
359
360
361
362
363
365
366
367
367
366
364
363
361
360
359
360
361
362
363
365
366
367
367
367
366
364
363
361
360
359
360
360
