365
365
366
367
366
364
361
359
360
362
365
367
366
361
360
361
365
367
364
361
359
360
362
366
366
364
359
360
365
366
363
359
361
365
365
360
360
365
365
360
359
363
367
364
359
360
365
365
360
359
362
366
363
360
359
363
366
363
358
360
365
365
360
358
360
362
362
358
354
355
359
360
356
353
355
359
360
358
354
354
357
360
360
357
354
354
357
360
361
359
356
354
354
356
359
362
360
357
354
355
358
361
360
358
355
355
358
361
362
359
356
354
356
358
361
363
361
359
356
355
357
360
362
362
359
356
354
356
358
362
362
360
357
355
355
358
361
362
362
359
356
355
358
361
363
361
358
355
356
361
363
361
357
355
356
359
362
362
360
357
355
357
360
361
362
360
357
355
356
360
362
362
357
356
356
359
362
362
359
356
356
359
362
362
359
356
356
358
361
362
360
357
355
357
360
362
362
359
355
356
