285 295 286 
278 289 281 
280 290 282 
283 293 285 
284 295 287 
297 308 301 
301 312 304 
300 310 303 
298 308 300 
297 307 299 
296 306 297 
286 295 287 
280 289 281 
278 289 281 
279 289 282 
280 291 283 
282 293 285 
284 294 286 
293 304 297 
300 311 303 
301 311 303 
300 310 302 
298 308 300 
297 307 299 
295 305 297 
284 294 286 
278 288 280 
279 289 281 
281 292 284 
283 294 286 
299 310 303 
300 310 302 
296 306 298 
282 292 283 
278 289 281 
281 292 284 
284 295 287 
300 311 303 
300 310 302 
297 307 299 
289 299 290 
278 288 280 
280 291 283 
283 294 287 
299 310 303 
300 310 302 
297 307 299 
288 298 289 
277 288 280 
279 290 283 
283 294 286 
299 310 303 
300 310 302 
297 307 299 
285 295 287 
278 288 280 
279 290 282 
282 293 285 
293 304 297 
301 311 303 
299 309 302 
296 306 299 
289 299 290 
278 288 280 
278 288 281 
279 290 282 
281 292 284 
283 293 286 
293 304 297 
300 311 303 
300 310 302 
297 308 300 
295 306 297 
281 291 283 
278 289 281 
281 292 284 
284 296 289 
300 311 303 
299 310 302 
296 306 299 
289 299 290 
277 287 279 
278 289 281 
281 292 284 
285 297 291 
299 310 303 
308 316 306 
405 386 352 
295 304 293 
301 305 292 
257 274 269 
269 298 298 
230 308 282 
326 328 313 
294 306 299 
280 297 294 
284 300 296 
313 334 333 
723 550 434 
1014 1006 1004 
682 702 714 
588 509 448 
789 674 578 
430 421 396 
723 647 553 
880 811 643 
674 696 599 
167 54 89 
228 188 122 
198 152 150 
254 255 204 
505 450 543 
663 654 882 
689 682 893 
654 630 501 
338 339 233 
176 172 281 
175 198 153 
588 486 947 
521 609 957 
967 902 966 
941 945 967 
826 750 960 
559 672 953 
274 210 935 
293 235 939 
448 373 948 
457 407 949 
1023 800 971 
1023 1023 978 
1023 973 975 
1023 818 967 
1023 926 974 
1023 850 970 
1023 838 972 
1023 561 961 
1023 943 980 
1023 859 976 
1023 838 908 
1023 1018 905 
1023 862 894 
1023 876 891 
1023 743 883 
1023 862 887 
1023 801 884 
1023 899 887 
1023 928 889 
1023 832 882 
1023 1023 890 
1023 423 862 
1023 424 860 
1023 701 874 
1023 607 868 
1023 662 870 
1023 644 871 
1023 940 881 
1023 816 875 
1023 977 881 
1023 986 881 
1023 970 879 
1023 943 878 
1023 961 878 
1023 815 869 
1023 721 867 
1023 773 869 
1023 807 870 
1023 888 876 
1023 1011 878 
1023 964 875 
1023 896 872 
1023 945 874 
1023 979 873 
1023 553 856 
1023 364 845 
1023 749 863 
1023 927 873 
1023 1023 877 
1023 996 873 
1023 691 859 
1023 876 865 
1023 780 863 
1023 797 863 
1023 909 870 
1023 921 868 
1023 676 857 
1023 839 861 
1021 732 859 
1023 747 859 
1023 870 866 
1023 986 867 
1023 720 870 
1020 790 869 
1020 790 870 
1020 875 874 
1021 967 878 
1019 947 876 
1020 941 875 
1019 897 870 
1016 833 870 
1016 894 873 
