260 274 289 
219 240 174 
226 256 226 
300 314 313 
294 310 305 
305 314 305 
271 285 280 
253 268 263 
253 264 262 
249 263 257 
244 267 268 
286 299 294 
310 318 308 
322 326 313 
331 331 317 
320 320 305 
316 317 302 
318 319 304 
320 321 306 
334 335 321 
337 338 323 
335 335 320 
333 331 315 
316 316 301 
316 317 302 
319 320 305 
329 330 316 
337 337 323 
336 336 322 
334 334 320 
331 332 317 
329 330 315 
320 320 305 
314 314 300 
312 314 299 
313 315 300 
315 317 303 
317 319 305 
330 333 319 
333 335 320 
332 333 319 
330 331 317 
320 321 306 
312 314 299 
310 312 299 
310 313 300 
309 314 301 
321 325 313 
323 328 316 
322 326 314 
318 323 311 
316 320 309 
303 308 296 
297 302 291 
297 303 292 
300 306 295 
309 316 306 
317 323 313 
316 322 311 
312 319 308 
310 316 304 
296 302 291 
292 299 288 
293 300 289 
295 302 292 
296 303 293 
297 306 296 
308 316 306 
313 320 310 
311 319 309 
311 318 308 
308 316 306 
306 313 303 
294 301 291 
289 296 286 
289 297 287 
290 298 288 
292 300 290 
293 301 291 
304 312 303 
311 319 310 
310 318 308 
307 315 305 
305 313 303 
298 305 295 
289 297 287 
287 295 286 
288 296 287 
289 298 289 
291 300 290 
301 310 301 
309 317 308 
308 316 307 
305 313 304 
303 311 301 
289 297 287 
285 294 285 
286 295 286 
288 297 288 
289 298 289 
291 300 291 
299 309 300 
304 314 305 
307 316 307 
307 316 307 
306 315 306 
305 314 305 
303 312 303 
302 311 302 
298 305 296 
287 295 286 
283 292 283 
285 294 285 
286 296 287 
288 297 289 
297 307 299 
306 316 307 
305 314 305 
303 312 303 
301 310 301 
287 296 287 
283 292 283 
284 294 285 
286 296 287 
288 297 289 
294 304 296 
304 313 305 
305 315 306 
304 314 305 
304 313 304 
302 311 302 
301 310 301 
293 302 292 
286 295 285 
282 291 283 
283 293 284 
284 294 285 
286 296 287 
288 297 289 
300 310 301 
305 314 306 
304 313 304 
301 310 302 
294 303 293 
282 291 282 
283 292 284 
285 295 286 
287 297 288 
294 304 296 
302 312 304 
304 314 306 
304 313 305 
303 312 304 
302 311 303 
301 310 301 
300 309 301 
299 308 299 
291 300 291 
284 293 284 
281 290 282 
282 292 284 
284 294 285 
285 295 287 
287 297 289 
298 308 300 
304 314 306 
303 313 304 
301 311 302 
299 309 300 
297 307 297 
285 294 286 
280 290 282 
281 291 283 
282 292 284 
284 294 286 
285 295 287 
286 296 289 
297 307 300 
303 313 305 
302 312 304 
301 311 303 
299 309 301 
298 308 299 
291 301 292 
281 291 282 
280 290 282 
282 292 284 
284 294 286 
288 300 292 
302 312 304 
302 312 304 
299 309 301 
297 307 299 
284 294 285 
280 290 282 
282 292 284 
284 294 286 
289 300 293 
302 312 304 
302 312 304 
