255 272 268 
241 260 256 
244 266 261 
265 282 276 
276 294 290 
283 302 298 
287 306 301 
281 301 298 
277 295 291 
250 267 262 
240 258 253 
256 273 268 
274 290 285 
282 301 298 
294 311 307 
280 260 271 
69 146 181 
67 137 166 
66 133 149 
230 251 247 
254 245 244 
274 300 255 
257 281 135 
127 188 205 
179 209 209 
224 247 245 
241 259 248 
259 283 282 
252 274 266 
137 212 191 
790 721 849 
540 505 499 
299 303 312 
244 259 253 
251 267 262 
264 287 288 
217 255 265 
228 269 273 
308 322 317 
303 321 318 
287 311 326 
386 369 345 
256 275 272 
282 299 294 
296 315 312 
291 311 309 
253 270 265 
227 244 238 
254 271 266 
275 295 293 
280 301 301 
282 300 298 
261 278 272 
235 252 246 
230 246 239 
311 316 312 
290 305 300 
295 318 318 
296 312 306 
276 290 283 
259 268 257 
256 271 264 
274 290 285 
302 313 304 
297 315 321 
299 308 311 
260 304 296 
239 259 253 
249 268 262 
222 254 248 
279 298 296 
285 311 306 
268 292 285 
242 268 259 
252 270 265 
268 259 267 
281 290 291 
286 306 304 
278 299 295 
250 272 265 
235 254 249 
258 278 272 
278 304 298 
285 313 306 
288 316 310 
285 314 307 
261 288 280 
241 266 258 
257 278 268 
263 287 280 
281 312 303 
289 320 312 
324 334 323 
288 297 286 
231 251 246 
264 276 269 
283 300 296 
296 313 308 
253 289 297 
252 274 273 
220 242 240 
233 255 253 
272 290 287 
286 302 298 
278 299 297 
269 286 282 
237 254 249 
243 262 257 
272 290 286 
286 304 301 
282 302 300 
267 286 282 
247 264 260 
259 275 270 
275 292 288 
281 299 295 
277 296 294 
261 279 274 
246 263 259 
265 283 279 
284 302 298 
279 299 296 
275 293 289 
254 271 266 
262 277 272 
270 288 284 
281 299 295 
281 301 299 
271 289 285 
255 273 268 
258 274 269 
265 282 278 
275 292 288 
281 299 295 
274 293 291 
268 286 283 
239 256 252 
238 256 252 
256 276 273 
267 285 281 
274 293 290 
279 298 295 
276 295 291 
255 272 267 
243 260 255 
250 268 264 
262 281 277 
274 293 290 
278 297 294 
279 298 295 
274 293 288 
257 274 269 
245 262 256 
248 266 262 
262 280 277 
272 291 288 
280 299 296 
280 298 294 
261 279 273 
246 263 258 
246 264 259 
263 282 279 
271 290 286 
279 298 294 
282 301 297 
262 279 274 
245 259 253 
247 265 261 
261 279 275 
274 293 289 
278 297 294 
281 300 296 
274 292 287 
256 273 268 
245 262 256 
245 263 258 
255 273 269 
268 286 282 
278 297 294 
279 298 295 
281 300 296 
267 284 278 
260 278 274 
257 275 270 
251 268 262 
243 260 254 
244 261 256 
248 267 263 
263 281 277 
271 290 286 
258 283 282 
280 301 299 
274 295 291 
263 284 281 
265 283 278 
254 271 266 
246 264 258 
250 268 262 
255 273 269 
256 274 270 
