180.9082
180.9082
180.9082
180.9082
180.9082
180.9082
180.9082
180.9082
180.9082
181.0791
181.4209
181.25
181.25
181.25
180.9082
181.0791
181.0791
181.0791
180.9082
181.0791
180.9082
180.9082
180.9082
181.0791
181.0791
181.0791
181.0791
181.0791
181.0791
180.9082
180.9082
180.9082
180.7373
180.9082
180.9082
180.7373
180.7373
180.7373
180.7373
180.7373
180.7373
180.7373
180.7373
180.7373
180.7373
180.5664
180.5664
180.5664
180.5664
180.5664
180.39551
180.5664
180.7373
180.7373
179.37012
177.66113
178.68652
180.5664
181.25
181.5918
181.4209
181.0791
180.7373
180.39551
180.22461
180.22461
180.05371
180.22461
180.22461
180.05371
179.54102
178.85742
179.37012
179.02832
180.5664
180.7373
180.9082
180.5664
180.9082
181.4209
180.39551
181.25
181.4209
181.25
181.0791
181.25
180.39551
181.9336
182.27539
182.61719
182.44629
182.44629
182.27539
182.27539
182.27539
182.27539
182.78809
182.27539
182.44629
182.27539
182.44629
182.44629
182.44629
182.44629
182.44629
182.61719
182.61719
182.61719
182.61719
182.78809
182.95898
183.30078
182.95898
182.95898
182.95898
182.95898
182.95898
182.95898
182.95898
182.95898
182.95898
182.95898
182.95898
182.95898
182.95898
182.95898
182.95898
182.95898
182.95898
182.95898
182.95898
182.78809
182.95898
182.95898
183.12988
183.12988
183.12988
183.12988
183.12988
183.12988
183.12988
183.12988
183.12988
183.30078
183.12988
182.95898
183.12988
183.12988
183.12988
183.12988
183.12988
182.95898
183.12988
182.95898
183.12988
182.95898
182.95898
182.95898
182.95898
182.95898
182.78809
182.78809
182.78809
182.78809
182.78809
182.78809
182.78809
182.61719
182.61719
182.61719
182.61719
182.61719
182.44629
182.10449
182.27539
182.10449
182.10449
182.10449
182.10449
182.10449
182.10449
182.10449
181.9336
182.10449
181.9336
181.9336
181.9336
181.9336
181.9336
181.9336
181.7627
181.9336
181.7627
181.7627
181.5918
181.7627
181.5918
181.5918
181.5918
181.5918
181.5918
181.5918
181.5918
181.5918
181.7627
181.4209
181.5918
182.10449
181.5918
181.5918
181.5918
181.5918
181.5918
181.5918
181.5918
181.5918
181.5918
181.5918
181.5918
181.7627
181.5918
181.5918
181.5918
181.5918
181.5918
181.5918
181.5918
181.5918
181.5918
181.4209
181.4209
181.4209
181.4209
181.4209
181.4209
181.4209
181.4209
181.4209
181.4209
181.4209
181.4209
181.4209
181.4209
181.4209
181.4209
181.4209
181.4209
181.4209
181.4209
181.4209
181.4209
181.4209
181.4209
181.4209
181.4209
181.5918
181.5918
181.5918
181.5918
181.4209
181.5918
181.5918
181.4209
181.5918
181.5918
181.5918
181.4209
181.5918
181.5918
181.5918
181.4209
181.5918
181.5918
181.5918
181.5918
181.5918
181.5918
181.5918
181.5918
181.5918
181.5918
181.5918
181.5918
181.5918
181.5918
181.5918
181.5918
181.5918
181.5918
181.5918
181.5918
181.5918
181.5918
181.5918
181.5918
181.5918
181.5918
181.5918
181.5918
181.5918
181.4209
181.5918
181.5918
181.5918
181.5918
181.5918
181.5918
181.5918
181.5918
181.5918
181.5918
181.5918
181.4209
181.5918
181.5918
181.5918
181.5918
181.5918
181.5918
181.5918
181.5918
181.5918
181.5918
181.5918
181.5918
181.5918
181.5918
181.5918
181.5918
181.5918
181.5918
181.5918
181.5918
181.5918
181.5918
181.5918
181.4209
181.4209
181.4209
181.4209
181.4209
181.4209
181.4209
181.4209
181.4209
181.4209
181.25
181.4209
181.4209
181.4209
181.25
181.0791
181.25
181.25
181.25
181.25
181.25
181.25
181.25
181.25
181.25
181.25
181.0791
181.25
181.25
181.25
181.0791
181.25
181.25
181.25
181.25
181.25
181.25
181.25
181.25
181.25
181.25
181.25
181.25
181.25
181.25
181.25
181.4209
181.25
181.25
181.4209
181.4209
181.4209
181.4209
181.4209
181.4209
181.4209
181.4209
181.5918
181.4209
181.4209
181.4209
181.5918
181.5918
181.5918
181.5918
181.7627
181.7627
181.7627
181.9336
181.9336
181.9336
181.9336
181.9336
181.9336
181.9336
182.10449
181.9336
181.9336
182.10449
182.10449
182.10449
182.10449
182.10449
182.10449
181.9336
182.10449
182.10449
182.10449
182.10449
182.10449
182.10449
182.10449
182.10449
182.10449
182.10449
181.9336
182.10449
181.9336
182.10449
181.9336
182.10449
182.10449
181.9336
181.9336
181.9336
182.27539
181.9336
181.9336
182.10449
181.9336
181.9336
181.9336
181.9336
182.10449
181.9336
182.10449
182.10449
182.27539
182.44629
182.44629
182.44629
182.44629
182.44629
182.61719
182.44629
182.61719
182.78809
182.61719
182.78809
182.61719
182.78809
182.78809
182.78809
182.78809
182.95898
182.78809
183.12988
182.78809
182.95898
182.78809
182.95898
182.95898
182.95898
182.95898
182.95898
182.95898
182.95898
182.95898
182.95898
182.95898
182.95898
182.95898
182.78809
182.78809
182.95898
182.78809
182.95898
182.78809
182.78809
182.78809
182.78809
182.78809
182.78809
182.78809
182.78809
182.78809
182.78809
182.78809
182.78809
182.78809
182.78809
182.78809
182.78809
182.78809
182.78809
182.78809
182.78809
182.78809
182.78809
182.78809
182.78809
182.78809
182.78809
182.78809
182.78809
182.78809
183.12988
182.95898
182.95898
182.95898
182.95898
182.95898
182.78809
182.95898
182.78809
182.78809
182.78809
182.78809
182.78809
182.78809
182.78809
182.78809
182.78809
182.78809
182.78809
182.61719
182.61719
182.61719
182.78809
182.61719
182.78809
182.61719
182.61719
182.78809
182.61719
182.78809
182.78809
182.78809
182.61719
182.78809
182.78809
182.61719
182.61719
182.44629
182.44629
182.44629
182.27539
182.44629
182.27539
182.27539
182.10449
182.27539
182.27539
182.27539
182.27539
182.27539
182.27539
181.9336
182.27539
182.10449
182.10449
182.10449
182.10449
181.9336
182.10449
182.10449
181.9336
182.10449
182.10449
181.9336
181.9336
181.9336
181.9336
182.10449
181.9336
181.9336
181.9336
181.9336
181.9336
181.9336
181.9336
182.10449
181.7627
181.9336
