178.51562
178.51562
178.34473
178.34473
178.34473
178.34473
178.34473
178.17383
178.17383
178.17383
178.17383
178.17383
178.17383
178.00293
178.00293
178.00293
177.83203
177.83203
177.83203
177.66113
177.49023
177.49023
177.49023
177.49023
177.49023
177.49023
177.49023
177.49023
177.49023
177.31934
177.49023
177.31934
177.31934
177.14844
177.31934
177.49023
177.49023
177.49023
177.31934
177.66113
178.00293
177.66113
177.83203
177.83203
178.17383
178.34473
178.00293
178.34473
178.34473
178.34473
178.51562
178.34473
178.68652
178.68652
178.68652
178.68652
178.68652
178.85742
178.68652
178.85742
178.85742
178.85742
179.02832
178.85742
179.02832
179.02832
179.02832
179.02832
179.19922
179.02832
179.37012
179.19922
179.37012
179.54102
179.54102
179.54102
179.71191
179.71191
179.71191
179.54102
179.71191
179.71191
179.71191
179.71191
179.71191
179.71191
179.71191
179.71191
179.71191
179.88281
179.71191
179.71191
179.88281
179.71191
179.54102
179.71191
179.37012
179.54102
179.54102
179.37012
179.37012
179.37012
179.37012
179.19922
179.19922
179.02832
178.85742
178.85742
178.85742
178.85742
178.85742
178.85742
178.85742
179.02832
179.19922
179.19922
179.19922
179.19922
179.19922
179.37012
179.19922
179.37012
179.37012
179.71191
179.37012
179.37012
179.19922
179.37012
179.37012
179.37012
179.37012
179.37012
179.37012
179.37012
179.37012
179.19922
179.19922
179.19922
178.85742
178.85742
178.68652
178.68652
178.68652
178.68652
178.68652
178.68652
178.51562
178.34473
178.34473
178.34473
178.34473
178.17383
178.17383
178.00293
178.00293
178.00293
178.00293
178.00293
177.83203
177.83203
177.66113
177.66113
177.49023
177.31934
177.49023
177.49023
177.49023
177.49023
177.31934
177.31934
177.31934
177.31934
177.14844
177.14844
177.31934
177.31934
177.49023
177.49023
177.49023
177.66113
178.17383
178.17383
178.34473
178.51562
178.68652
178.68652
178.85742
178.85742
178.85742
178.85742
179.02832
179.19922
179.19922
179.37012
179.54102
179.54102
179.54102
179.54102
179.54102
179.54102
179.54102
179.37012
179.71191
179.71191
179.71191
179.37012
179.37012
179.37012
179.19922
178.68652
178.68652
178.51562
178.34473
178.17383
178.17383
178.17383
178.00293
178.00293
177.83203
178.00293
178.00293
177.83203
177.66113
177.66113
177.66113
177.31934
177.31934
177.31934
177.31934
177.31934
177.31934
177.31934
177.31934
177.31934
177.31934
177.31934
177.14844
177.14844
177.14844
177.14844
177.14844
177.31934
177.49023
177.49023
177.49023
177.49023
177.66113
177.66113
178.17383
178.17383
178.00293
178.17383
178.17383
178.17383
178.34473
178.34473
178.34473
178.34473
178.34473
178.51562
178.34473
178.68652
178.51562
178.51562
178.51562
178.51562
178.51562
178.51562
178.51562
178.51562
178.51562
178.51562
178.51562
178.85742
178.68652
178.68652
178.68652
178.51562
178.68652
178.68652
178.68652
178.68652
178.68652
178.68652
178.85742
178.85742
178.85742
178.85742
178.85742
178.85742
179.02832
179.02832
179.02832
179.02832
179.19922
179.02832
179.19922
179.37012
179.54102
179.54102
179.54102
179.54102
179.54102
179.54102
179.54102
179.54102
179.54102
179.54102
179.54102
179.54102
179.54102
179.54102
179.54102
179.54102
179.54102
179.54102
179.54102
179.54102
179.54102
179.37012
179.54102
179.54102
179.54102
179.54102
179.54102
179.54102
179.54102
179.54102
179.54102
179.54102
179.54102
179.54102
179.54102
179.54102
179.37012
179.54102
179.54102
179.54102
179.54102
179.54102
179.54102
179.54102
179.54102
179.54102
179.54102
179.37012
179.54102
179.54102
179.54102
179.54102
179.54102
179.54102
179.54102
179.54102
179.54102
179.54102
179.54102
179.54102
179.54102
179.54102
179.37012
179.54102
179.54102
179.54102
179.71191
179.54102
179.54102
179.54102
179.54102
179.54102
179.54102
179.54102
179.54102
179.54102
179.37012
179.54102
179.54102
179.54102
179.54102
179.54102
179.37012
179.37012
179.54102
179.54102
179.54102
179.54102
179.54102
179.54102
179.54102
179.54102
179.37012
179.54102
179.54102
179.54102
179.54102
179.37012
179.54102
179.54102
179.54102
179.54102
179.54102
179.54102
179.54102
179.54102
179.54102
179.54102
179.54102
179.54102
179.54102
179.54102
179.54102
179.54102
179.54102
179.54102
179.54102
179.54102
179.54102
179.71191
179.54102
179.54102
179.71191
179.71191
179.88281
179.71191
179.71191
179.71191
179.54102
179.54102
179.37012
179.37012
179.19922
179.37012
179.19922
178.85742
178.68652
178.68652
178.68652
178.51562
178.51562
178.34473
178.34473
178.17383
178.17383
178.17383
178.17383
178.17383
178.00293
178.00293
177.83203
178.00293
178.00293
178.00293
178.00293
177.83203
177.83203
177.83203
177.66113
177.66113
177.66113
177.66113
177.66113
177.49023
177.31934
177.31934
177.31934
177.31934
177.31934
177.31934
177.31934
177.31934
177.31934
177.31934
177.31934
177.31934
177.14844
177.14844
177.14844
177.14844
177.31934
177.31934
177.49023
177.49023
177.49023
177.31934
177.66113
177.66113
177.83203
178.17383
178.17383
178.17383
178.17383
178.34473
178.34473
178.51562
178.51562
178.68652
178.51562
178.68652
178.68652
178.68652
178.68652
178.68652
178.85742
178.85742
178.85742
178.85742
179.02832
179.02832
179.02832
179.02832
179.19922
179.02832
179.19922
179.19922
179.37012
179.54102
179.54102
179.54102
179.54102
179.54102
179.54102
179.54102
179.54102
179.54102
179.54102
179.54102
179.54102
179.54102
179.71191
179.71191
179.71191
179.71191
179.71191
179.54102
179.54102
179.54102
179.37012
179.37012
179.37012
179.19922
179.02832
178.68652
178.68652
178.68652
178.51562
178.34473
178.17383
178.17383
178.17383
178.17383
178.17383
178.17383
178.00293
178.00293
178.00293
178.00293
177.83203
177.83203
177.83203
177.66113
177.66113
177.66113
177.49023
177.66113
177.49023
177.31934
177.31934
177.31934
177.31934
177.31934
177.31934
177.31934
177.31934
177.31934
177.31934
177.31934
177.31934
177.31934
177.31934
177.31934
177.31934
177.31934
177.31934
177.31934
177.31934
177.14844
177.31934
177.14844
177.31934
177.31934
177.31934
177.31934
177.31934
177.31934
177.14844
177.31934
177.31934
177.14844
177.14844
177.31934
