335 421 393 
336 421 393 
336 418 392 
332 414 392 
332 416 393 
335 420 393 
336 420 393 
334 415 392 
332 414 392 
333 418 393 
336 421 393 
335 418 392 
333 413 392 
333 415 392 
335 420 393 
336 420 393 
334 415 392 
332 413 392 
332 416 392 
336 420 393 
336 421 393 
335 417 393 
332 413 392 
332 415 392 
334 420 393 
336 421 393 
335 417 392 
332 413 392 
332 416 392 
335 420 392 
336 419 392 
334 414 392 
332 413 392 
334 420 392 
336 421 392 
332 417 392 
333 413 392 
332 416 392 
335 420 392 
336 421 392 
335 417 392 
332 413 392 
332 415 392 
335 420 392 
336 421 392 
335 417 392 
332 413 392 
332 416 392 
336 421 392 
335 418 392 
333 413 391 
332 415 392 
335 419 392 
336 419 392 
333 414 391 
332 414 392 
334 419 392 
336 420 392 
335 414 391 
332 412 391 
334 419 392 
336 420 392 
335 417 392 
333 413 391 
333 415 391 
335 420 392 
337 421 392 
335 415 391 
332 412 391 
332 415 392 
334 419 392 
336 420 392 
336 418 392 
333 413 391 
332 412 391 
333 416 392 
336 420 392 
336 418 392 
333 413 391 
332 413 391 
333 416 391 
336 420 392 
336 418 392 
333 413 391 
332 412 391 
333 416 391 
336 420 392 
335 417 391 
333 414 391 
331 413 391 
333 417 391 
336 420 392 
336 417 391 
333 413 391 
332 413 391 
332 415 391 
335 419 392 
336 420 392 
336 417 391 
333 413 391 
332 412 391 
333 415 391 
333 419 391 
336 420 391 
336 418 391 
334 413 391 
332 412 391 
332 414 391 
333 416 391 
335 420 391 
336 418 391 
334 415 391 
332 412 391 
332 414 391 
334 419 391 
336 420 391 
336 418 391 
334 413 391 
332 412 390 
332 414 391 
334 418 391 
335 420 391 
336 418 391 
334 416 391 
332 413 390 
331 412 390 
332 416 391 
335 419 391 
336 420 391 
335 417 390 
333 413 390 
332 412 390 
332 414 390 
333 417 391 
336 420 391 
337 420 391 
336 417 390 
334 413 390 
332 412 390 
332 414 390 
332 416 390 
334 419 390 
336 420 391 
335 418 390 
335 416 390 
333 413 390 
332 413 390 
332 415 390 
334 419 390 
335 420 390 
335 418 390 
335 416 390 
334 413 390 
331 412 390 
331 414 390 
332 415 390 
334 418 390 
335 418 390 
336 420 390 
336 420 390 
335 417 390 
335 416 390 
333 413 390 
333 413 389 
332 412 390 
331 411 389 
332 414 390 
332 415 390 
335 419 390 
336 420 390 
336 419 390 
336 418 390 
335 416 390 
334 413 390 
333 412 390 
332 411 390 
331 412 389 
332 413 390 
332 414 390 
333 415 390 
334 417 390 
334 418 390 
334 418 390 
335 419 390 
335 419 390 
336 419 390 
336 417 390 
335 417 390 
335 415 390 
335 413 389 
333 412 389 
332 411 389 
332 411 389 
331 411 389 
331 413 390 
332 414 389 
333 417 390 
334 418 390 
335 418 390 
336 419 390 
