291 514 344 
290 502 344 
289 420 342 
287 269 338 
286 190 336 
286 180 336 
288 266 338 
290 385 341 
290 478 343 
291 525 344 
291 542 345 
290 498 344 
290 450 343 
289 398 341 
287 324 339 
287 252 337 
286 207 336 
286 145 335 
287 166 336 
287 241 337 
288 316 339 
290 478 343 
291 557 345 
290 525 344 
289 434 341 
288 284 338 
286 190 336 
286 155 335 
288 226 336 
288 296 338 
290 445 342 
291 522 344 
291 565 345 
291 561 345 
290 550 344 
289 500 343 
289 459 342 
288 341 339 
287 247 337 
286 182 336 
286 149 335 
287 150 335 
288 190 335 
288 255 337 
290 332 339 
291 452 342 
291 523 344 
291 566 345 
291 569 345 
290 548 344 
289 480 343 
288 398 341 
289 298 338 
288 237 337 
287 188 336 
287 150 335 
287 169 335 
288 180 335 
288 270 337 
290 331 339 
290 475 342 
291 539 344 
290 565 344 
290 519 343 
289 455 342 
288 315 338 
287 228 336 
286 175 335 
287 210 336 
288 317 338 
289 492 343 
291 555 344 
289 539 344 
289 434 341 
287 274 337 
286 191 335 
287 207 336 
288 304 338 
289 492 343 
290 575 345 
290 469 342 
287 330 338 
286 193 335 
287 160 335 
288 277 337 
290 412 341 
291 520 343 
291 569 345 
290 528 344 
288 427 341 
287 261 337 
287 159 335 
287 178 335 
288 286 338 
290 478 342 
291 565 344 
289 486 342 
287 308 338 
286 190 335 
284 155 335 
288 245 337 
289 443 341 
290 529 344 
289 552 344 
288 459 342 
287 285 337 
286 176 335 
287 154 335 
288 265 337 
289 431 341 
290 555 344 
290 549 344 
289 401 340 
287 216 336 
286 145 334 
288 264 337 
290 449 341 
290 581 345 
289 533 344 
287 384 340 
286 192 335 
286 155 335 
288 286 337 
290 484 343 
291 578 345 
289 453 342 
286 241 336 
287 135 334 
288 266 337 
290 503 343 
291 586 345 
288 446 342 
287 231 336 
286 129 334 
288 262 337 
289 489 343 
291 584 345 
289 445 342 
288 239 337 
287 142 334 
288 253 337 
290 472 342 
292 575 345 
289 463 342 
287 263 337 
286 149 334 
287 258 337 
290 419 341 
291 549 344 
289 521 343 
287 386 340 
287 203 336 
285 137 334 
288 266 337 
289 447 341 
291 580 345 
289 496 343 
287 291 337 
286 150 334 
287 216 336 
289 399 341 
290 580 345 
289 526 343 
287 326 338 
287 163 335 
287 194 336 
289 327 339 
290 534 344 
290 580 345 
288 432 341 
286 178 335 
287 143 334 
289 301 338 
288 513 343 
290 584 345 
288 457 342 
287 273 337 
286 133 334 
287 217 336 
290 443 341 
291 593 345 
289 485 342 
287 253 337 
286 137 334 
288 258 337 
290 481 342 
291 604 345 
289 415 340 
286 151 334 
288 215 336 
290 477 342 
290 571 344 
287 320 338 
286 142 334 
288 291 338 
291 566 345 
289 495 342 
287 239 336 
287 164 335 
290 359 339 
