324 624 426 
324 623 426 
324 626 426 
325 627 427 
327 630 427 
328 630 427 
328 630 427 
328 628 427 
327 626 427 
325 624 427 
322 623 427 
324 625 427 
325 627 428 
327 628 428 
328 629 428 
328 627 428 
325 623 428 
324 623 428 
324 623 428 
325 625 428 
327 628 429 
328 628 429 
327 625 429 
326 622 429 
325 621 429 
323 621 429 
324 623 429 
326 627 429 
328 627 430 
328 628 430 
328 625 430 
326 622 430 
326 621 430 
324 620 430 
323 620 430 
325 622 431 
325 624 431 
327 626 431 
328 626 431 
328 624 431 
326 620 431 
324 620 431 
324 621 431 
326 625 432 
328 626 432 
328 624 432 
326 620 432 
324 618 432 
322 619 432 
325 621 432 
327 624 433 
327 624 433 
328 623 433 
327 622 433 
326 618 433 
324 617 433 
323 617 433 
325 620 433 
327 623 434 
328 624 434 
328 622 434 
327 620 434 
326 618 434 
324 616 434 
324 618 434 
326 620 435 
328 622 435 
329 623 435 
328 620 435 
326 617 435 
325 616 435 
325 617 435 
325 619 435 
327 621 436 
329 622 436 
328 620 436 
327 617 436 
325 615 436 
325 614 436 
325 618 437 
328 620 437 
329 622 437 
328 619 437 
327 616 437 
325 614 437 
324 614 437 
325 617 437 
327 620 437 
329 621 438 
330 619 438 
328 618 438 
326 615 437 
325 613 437 
325 615 438 
325 616 438 
327 620 438 
328 620 438 
329 621 439 
329 619 438 
330 618 438 
329 615 438 
326 614 438 
325 613 438 
325 613 438 
325 614 439 
325 616 439 
327 618 439 
329 619 440 
329 620 440 
330 620 440 
329 617 439 
328 616 439 
326 613 439 
325 613 439 
325 612 440 
325 614 440 
327 618 440 
329 619 440 
329 619 440 
329 617 440 
328 616 440 
326 613 440 
325 613 440 
325 612 440 
326 615 441 
327 617 441 
328 618 441 
329 619 441 
329 617 441 
328 615 441 
327 612 441 
326 612 441 
325 611 441 
326 613 442 
327 614 442 
328 617 442 
329 617 442 
329 618 442 
330 616 442 
329 615 442 
327 612 442 
326 610 442 
325 611 442 
326 613 442 
327 616 443 
329 617 443 
330 617 443 
329 616 443 
329 614 443 
327 611 443 
326 611 443 
326 610 443 
325 609 443 
326 613 443 
326 613 444 
328 616 444 
329 616 444 
330 617 444 
329 614 444 
328 611 443 
327 611 444 
326 609 443 
326 611 444 
327 612 444 
328 615 444 
329 616 444 
330 616 444 
331 615 444 
330 613 444 
328 610 444 
327 610 444 
327 610 444 
326 610 444 
325 609 444 
326 611 445 
326 611 445 
327 612 445 
328 615 445 
329 615 445 
330 616 446 
330 615 445 
330 613 445 
329 611 445 
327 610 445 
326 609 445 
326 609 445 
327 610 446 
326 611 446 
327 613 446 
329 614 446 
329 615 446 
330 615 446 
330 614 446 
329 612 446 
328 610 446 
327 609 446 
328 609 446 
326 608 446 
326 610 446 
327 611 447 
