315 352 338 
314 352 339 
314 351 338 
314 351 338 
314 350 338 
314 349 338 
313 349 338 
312 348 338 
314 348 338 
312 348 338 
312 348 338 
312 347 338 
312 347 338 
311 347 338 
311 346 338 
311 348 338 
311 348 338 
312 349 338 
312 350 338 
312 350 338 
313 352 339 
313 353 339 
313 352 339 
313 353 339 
309 353 338 
314 354 339 
315 354 339 
315 354 339 
315 354 339 
315 354 339 
315 354 339 
315 354 338 
314 352 338 
314 353 338 
314 352 338 
314 352 339 
314 352 338 
314 352 339 
315 352 338 
314 351 338 
314 351 338 
315 351 338 
314 350 338 
313 350 338 
313 350 338 
310 350 338 
313 350 338 
313 348 338 
312 348 338 
312 348 338 
312 347 338 
311 347 338 
311 347 338 
310 346 338 
310 348 338 
310 349 338 
311 349 338 
311 350 338 
311 350 338 
311 351 338 
310 350 338 
312 351 338 
312 352 338 
311 351 338 
311 351 338 
312 350 338 
312 350 338 
311 350 338 
311 349 338 
311 350 338 
311 350 338 
310 350 338 
311 350 338 
311 350 338 
312 352 338 
312 353 338 
312 353 338 
313 353 338 
314 353 338 
313 354 338 
313 353 338 
314 354 338 
314 354 338 
314 354 338 
315 354 338 
314 354 338 
314 354 338 
315 354 338 
314 354 338 
314 354 338 
314 354 338 
314 355 338 
314 355 338 
314 355 338 
313 353 338 
313 353 338 
313 353 338 
313 352 338 
313 353 338 
313 353 338 
313 353 338 
313 352 338 
313 353 338 
313 353 338 
313 352 338 
314 353 338 
313 352 338 
314 352 338 
313 352 338 
313 352 338 
313 351 338 
313 351 338 
313 351 338 
312 350 338 
312 350 338 
311 348 337 
311 348 337 
311 348 337 
310 347 337 
309 347 337 
309 347 337 
309 347 337 
310 349 337 
310 349 338 
310 349 338 
311 350 337 
310 351 337 
310 351 337 
310 351 337 
310 351 337 
310 351 337 
310 351 337 
310 350 337 
310 350 337 
309 350 337 
315 351 337 
309 350 337 
305 348 337 
308 348 337 
308 349 337 
308 349 337 
308 347 337 
309 347 337 
307 347 337 
309 347 337 
310 347 337 
309 347 337 
311 348 337 
310 348 337 
311 349 337 
312 351 337 
312 352 337 
312 352 337 
312 353 337 
312 353 337 
312 353 337 
313 354 337 
313 354 337 
312 354 336 
312 354 336 
313 354 336 
313 354 336 
312 355 336 
312 355 336 
312 355 336 
313 355 336 
312 355 335 
312 356 335 
312 356 335 
312 356 335 
312 357 335 
312 357 335 
312 358 335 
312 358 335 
312 358 335 
312 358 334 
312 358 334 
312 358 334 
312 358 334 
311 358 334 
311 358 334 
311 359 334 
311 359 334 
312 360 333 
312 360 333 
312 361 333 
312 362 333 
313 362 333 
312 362 333 
312 362 333 
312 363 333 
311 363 332 
312 363 332 
311 363 332 
308 361 332 
311 361 332 
310 360 332 
309 360 332 
309 360 331 
309 360 331 
