286 360 342 
286 360 342 
286 360 341 
285 360 341 
285 360 341 
283 361 341 
283 360 341 
282 360 341 
282 360 341 
283 360 341 
284 360 341 
285 360 341 
286 360 341 
286 360 341 
284 360 341 
286 360 341 
285 360 341 
284 360 341 
283 360 341 
282 360 340 
283 360 341 
284 360 341 
286 360 341 
288 360 341 
285 360 341 
283 360 340 
283 360 340 
284 360 340 
285 360 341 
287 360 341 
286 360 341 
286 360 340 
283 360 340 
283 360 340 
283 360 341 
283 360 340 
286 360 341 
287 359 341 
286 359 340 
285 360 340 
283 359 340 
282 359 340 
283 359 340 
284 359 341 
286 359 341 
286 359 341 
288 359 341 
286 359 340 
283 359 340 
283 359 340 
284 359 340 
284 359 340 
286 359 340 
287 359 341 
285 359 340 
284 359 340 
283 359 340 
284 359 340 
285 359 340 
287 359 340 
285 359 340 
283 359 340 
283 359 340 
287 359 340 
287 359 340 
285 359 340 
284 359 340 
282 359 340 
284 359 340 
286 359 340 
287 359 340 
285 359 340 
283 359 340 
283 359 340 
284 359 340 
286 359 340 
287 359 340 
286 359 340 
284 359 339 
283 359 339 
284 359 340 
285 359 340 
286 359 340 
288 359 340 
286 358 340 
284 359 339 
283 359 339 
284 359 340 
287 359 340 
287 359 340 
286 359 339 
284 358 339 
283 358 339 
283 359 339 
285 359 339 
287 358 340 
287 358 339 
285 359 339 
284 358 339 
283 359 339 
284 358 339 
286 358 340 
287 358 339 
286 358 339 
285 358 339 
282 358 339 
284 358 339 
287 358 339 
288 358 339 
286 358 339 
284 358 339 
283 358 339 
284 358 339 
285 358 339 
286 358 339 
287 358 339 
286 359 339 
284 358 339 
282 359 339 
284 358 339 
286 358 339 
287 358 339 
286 358 339 
284 358 339 
279 358 339 
285 358 339 
286 358 339 
287 358 339 
286 358 339 
284 358 339 
283 358 339 
283 358 339 
285 358 339 
286 358 339 
289 358 339 
286 358 339 
284 358 339 
283 357 338 
284 358 339 
284 357 339 
283 357 339 
287 357 339 
285 357 339 
285 357 338 
283 357 338 
284 357 339 
286 357 339 
287 357 339 
288 357 339 
287 357 339 
286 357 339 
284 357 338 
283 357 338 
284 357 338 
285 357 338 
286 357 339 
287 357 339 
286 357 338 
284 356 338 
283 356 338 
283 357 338 
284 357 338 
286 356 339 
287 357 338 
286 357 338 
285 357 338 
283 357 338 
283 357 338 
284 357 338 
286 356 338 
287 357 338 
286 357 338 
284 357 338 
283 357 338 
284 357 338 
286 357 338 
287 357 338 
287 357 338 
286 356 338 
285 357 337 
282 356 337 
285 356 338 
287 357 338 
287 356 338 
286 356 338 
284 356 337 
284 356 337 
284 356 338 
284 356 338 
286 356 338 
287 356 338 
287 356 338 
285 356 337 
283 356 337 
283 356 337 
285 356 337 
286 356 338 
288 356 338 
286 356 337 
285 356 337 
