273 423 271 
272 408 271 
272 408 270 
272 401 270 
272 404 271 
271 413 271 
273 456 272 
273 483 273 
275 536 275 
275 533 275 
276 536 275 
276 529 275 
274 484 274 
273 453 273 
273 395 272 
271 412 272 
272 415 273 
272 437 273 
272 470 274 
273 483 275 
273 500 276 
275 526 276 
275 531 277 
275 519 277 
276 541 277 
276 553 278 
276 524 277 
275 493 276 
274 473 276 
274 447 275 
273 417 275 
272 413 275 
272 406 274 
273 455 276 
274 481 277 
275 528 279 
275 525 278 
276 516 278 
276 523 279 
276 500 278 
276 466 278 
274 431 277 
274 401 276 
273 407 276 
272 418 276 
274 458 278 
274 494 279 
276 527 280 
277 545 281 
277 558 281 
275 498 279 
274 428 277 
273 423 278 
272 419 278 
273 435 278 
274 473 279 
276 535 281 
277 528 281 
277 527 281 
275 481 280 
274 447 279 
273 411 278 
272 398 278 
273 406 279 
273 471 280 
275 520 282 
276 536 283 
277 534 283 
277 529 283 
275 481 281 
275 443 280 
273 393 279 
272 379 279 
272 390 280 
273 431 281 
274 481 282 
276 526 284 
276 523 284 
277 534 284 
277 525 284 
275 475 282 
275 448 282 
273 402 281 
272 395 281 
272 393 281 
273 399 281 
274 464 283 
277 525 285 
276 548 286 
277 527 285 
276 501 284 
275 467 284 
273 380 281 
272 394 282 
272 404 282 
274 477 284 
276 539 286 
277 531 286 
276 497 285 
275 442 284 
273 413 283 
273 398 283 
274 470 285 
276 528 287 
277 511 287 
277 534 287 
275 470 286 
274 417 284 
273 385 283 
272 397 284 
273 404 284 
274 451 285 
274 481 286 
276 529 288 
276 521 288 
276 517 288 
276 529 288 
277 536 289 
277 525 289 
276 496 288 
275 450 287 
273 381 285 
273 377 285 
273 383 285 
273 409 286 
274 442 287 
275 481 288 
276 537 290 
276 524 290 
278 532 290 
276 495 289 
276 456 288 
274 398 287 
274 374 286 
274 370 286 
274 414 288 
275 469 289 
277 527 291 
276 523 291 
274 530 291 
278 532 291 
276 484 290 
275 478 289 
274 411 288 
273 341 286 
273 324 286 
273 320 286 
273 351 287 
273 356 287 
274 401 288 
274 446 290 
276 498 291 
276 540 293 
277 529 292 
277 541 293 
277 515 292 
276 473 291 
275 425 289 
273 363 288 
272 365 288 
273 386 289 
274 448 291 
277 533 293 
277 532 294 
277 542 294 
277 509 293 
276 451 292 
273 351 289 
273 345 289 
273 354 289 
273 396 290 
275 463 293 
278 534 295 
278 552 295 
278 529 295 
276 468 293 
274 407 291 
274 344 290 
272 332 290 
273 375 291 
274 381 291 
274 432 293 
275 459 294 
277 495 295 
277 541 296 
277 531 296 
277 546 297 
278 546 297 
277 516 296 
276 467 295 
275 416 293 
274 346 291 
274 345 291 
273 315 291 
274 336 292 
275 421 294 
277 519 297 
278 554 298 
278 538 297 
277 478 295 
