341 455 422 
343 456 422 
343 455 422 
342 452 421 
340 450 421 
339 449 421 
338 451 422 
341 452 422 
342 455 422 
343 456 422 
343 454 421 
342 452 421 
340 449 421 
339 448 421 
340 451 421 
341 454 422 
343 456 422 
343 454 422 
342 451 421 
340 449 421 
339 448 421 
340 451 421 
341 454 421 
343 455 421 
343 455 421 
343 453 421 
342 452 421 
341 449 421 
339 448 421 
339 448 421 
339 450 421 
340 451 421 
342 454 421 
343 455 421 
343 455 422 
343 454 421 
343 452 421 
342 451 421 
341 448 421 
340 448 421 
339 447 421 
339 447 421 
339 450 421 
340 451 421 
342 453 422 
343 455 421 
343 454 421 
343 452 421 
343 451 421 
341 448 421 
340 446 421 
339 447 421 
339 448 421 
339 449 421 
340 450 421 
341 453 421 
340 453 421 
343 453 421 
342 455 421 
343 454 421 
343 454 421 
343 452 421 
342 452 421 
342 451 421 
342 448 421 
340 447 421 
340 447 421 
339 446 421 
338 445 420 
339 448 421 
339 450 421 
337 452 421 
342 453 421 
343 454 421 
343 452 421 
342 451 421 
341 447 421 
340 447 420 
339 446 420 
339 446 420 
339 448 421 
340 450 421 
341 452 421 
342 453 421 
340 453 421 
344 452 421 
342 450 420 
340 447 420 
339 446 420 
339 448 420 
340 449 420 
341 453 421 
343 454 420 
343 452 420 
342 449 420 
340 447 420 
338 446 420 
339 449 420 
342 453 420 
342 453 420 
342 451 420 
340 447 420 
338 446 420 
339 448 420 
340 452 420 
342 453 420 
343 454 420 
343 452 420 
342 450 419 
341 447 419 
339 446 419 
338 446 419 
339 449 419 
341 453 419 
343 454 420 
343 452 419 
342 450 419 
340 448 419 
338 447 419 
339 449 419 
341 453 419 
342 454 419 
343 453 419 
343 450 419 
340 448 418 
338 447 419 
339 449 419 
340 452 419 
342 454 419 
342 455 419 
343 452 419 
341 448 418 
339 446 418 
338 447 418 
339 449 418 
339 450 418 
341 453 419 
343 455 419 
343 455 419 
342 452 418 
342 451 418 
341 448 418 
339 447 418 
339 447 418 
341 449 418 
340 451 418 
342 454 418 
343 455 418 
343 455 418 
343 453 418 
343 452 418 
342 449 418 
340 448 418 
339 447 418 
339 447 418 
339 446 417 
339 448 418 
339 449 418 
340 451 418 
340 453 418 
342 453 418 
343 455 418 
343 455 418 
343 455 418 
343 452 418 
342 451 417 
341 448 417 
340 448 417 
339 447 417 
339 448 417 
339 450 417 
341 453 418 
343 455 418 
343 454 418 
343 452 417 
342 451 417 
341 447 417 
339 447 417 
339 447 417 
339 449 417 
340 450 417 
341 453 418 
342 454 417 
343 454 417 
343 452 417 
342 450 417 
340 447 417 
340 446 417 
339 446 416 
335 449 417 
342 452 417 
342 453 417 
343 454 417 
343 452 417 
342 450 417 
340 447 417 
340 446 416 
339 446 416 
339 448 417 
339 449 417 
