298 340 331 
298 340 331 
298 339 331 
298 339 331 
297 336 331 
296 336 330 
295 335 330 
295 335 331 
296 337 331 
296 338 331 
297 340 331 
299 342 331 
300 343 331 
301 343 331 
300 340 331 
298 338 330 
296 337 331 
296 336 330 
295 336 330 
296 339 331 
298 342 331 
299 343 331 
300 344 331 
298 341 330 
298 339 330 
296 337 330 
297 336 330 
295 336 330 
296 339 330 
296 341 331 
299 342 331 
300 344 331 
299 344 330 
300 344 331 
299 342 330 
299 342 330 
298 341 330 
298 340 330 
297 337 330 
296 338 330 
296 337 330 
296 337 330 
296 339 330 
298 341 330 
298 344 330 
299 344 330 
299 344 330 
299 343 330 
299 342 330 
297 338 330 
296 337 330 
296 337 330 
297 339 330 
297 341 330 
298 343 330 
299 343 330 
300 344 330 
299 343 330 
299 342 330 
298 338 330 
297 338 330 
296 337 329 
296 338 329 
297 340 330 
298 343 330 
298 344 330 
300 344 330 
299 342 330 
298 340 330 
297 337 329 
296 337 329 
296 338 330 
297 340 330 
299 342 330 
299 344 330 
299 342 330 
297 337 330 
296 337 329 
296 338 330 
297 340 330 
299 343 330 
300 344 330 
299 343 329 
298 340 330 
297 338 329 
296 337 329 
297 339 330 
298 343 330 
300 344 330 
299 344 330 
299 341 330 
297 338 329 
296 336 329 
296 337 329 
296 338 329 
297 340 330 
298 343 330 
299 344 330 
300 344 330 
298 341 330 
297 337 329 
296 336 329 
296 338 329 
297 340 330 
299 343 330 
299 344 330 
299 341 330 
297 337 329 
296 336 329 
296 338 330 
297 340 330 
298 343 330 
300 344 330 
299 342 330 
298 340 329 
296 337 329 
296 336 329 
297 340 330 
299 343 330 
299 344 330 
297 341 330 
297 338 329 
295 336 329 
291 336 329 
298 339 330 
298 343 330 
299 343 330 
299 341 330 
297 337 329 
296 336 329 
295 336 329 
296 339 330 
299 342 330 
299 343 330 
299 343 330 
299 340 329 
297 337 329 
296 336 329 
296 338 329 
297 341 329 
299 344 330 
300 344 330 
298 340 329 
297 337 329 
296 336 329 
297 339 329 
299 343 330 
299 344 330 
299 343 329 
298 340 329 
296 338 329 
295 336 329 
296 340 329 
299 344 329 
299 344 329 
299 342 329 
297 338 328 
296 336 329 
297 338 329 
298 341 329 
300 344 330 
300 342 329 
299 340 329 
296 338 329 
296 336 329 
297 339 329 
299 343 330 
300 344 329 
299 342 329 
298 338 329 
296 337 329 
296 338 329 
297 341 329 
298 343 329 
299 344 329 
299 341 329 
297 337 329 
296 337 329 
296 336 329 
297 340 329 
298 343 329 
298 343 329 
299 344 329 
299 342 329 
298 341 329 
297 338 328 
296 337 328 
296 339 329 
297 343 329 
299 345 329 
300 345 329 
299 342 329 
297 338 328 
296 337 328 
296 339 328 
297 341 329 
299 343 329 
299 345 329 
298 342 328 
297 339 328 
