285 434 336 
280 287 332 
282 231 331 
283 237 331 
284 337 333 
286 468 337 
286 492 337 
286 433 336 
284 351 334 
284 228 331 
282 247 331 
283 291 333 
286 381 335 
285 476 337 
286 491 337 
285 443 336 
285 352 334 
283 264 332 
282 237 331 
283 241 331 
283 273 332 
284 343 334 
286 456 336 
286 501 337 
285 438 336 
285 362 334 
283 255 331 
282 249 331 
284 306 332 
286 393 335 
285 464 337 
286 483 337 
286 407 335 
283 311 332 
283 257 331 
282 256 331 
284 301 332 
286 416 336 
286 467 336 
291 468 337 
286 390 335 
282 263 331 
282 238 331 
282 247 331 
283 322 333 
285 448 336 
286 475 337 
285 418 335 
283 273 331 
282 256 331 
283 281 332 
284 360 334 
286 448 336 
287 459 336 
286 396 335 
283 275 332 
283 244 331 
283 254 331 
284 316 333 
286 402 335 
286 471 336 
287 490 337 
286 431 336 
285 351 333 
283 239 331 
283 237 331 
282 302 332 
286 431 336 
287 486 337 
286 445 336 
284 322 333 
283 220 330 
283 256 331 
284 343 333 
286 447 336 
287 460 336 
286 410 335 
284 299 332 
283 236 331 
282 255 331 
285 319 332 
286 456 336 
287 491 337 
287 481 336 
286 401 334 
284 278 331 
283 251 330 
284 244 330 
284 306 332 
286 398 334 
286 456 336 
287 475 336 
286 432 335 
285 364 333 
284 258 331 
284 255 330 
283 254 331 
285 323 332 
287 450 335 
288 474 336 
287 458 335 
286 378 333 
284 261 330 
284 245 330 
283 238 330 
285 307 332 
287 517 338 
286 386 335 
287 382 334 
285 476 336 
284 417 335 
282 272 331 
281 177 329 
282 104 328 
284 143 329 
285 361 335 
286 616 341 
283 415 336 
282 422 336 
282 422 336 
280 423 336 
282 424 336 
284 425 336 
285 425 337 
285 425 336 
283 424 336 
282 424 336 
281 423 336 
282 421 336 
283 420 336 
284 418 336 
285 418 336 
285 417 336 
285 416 336 
282 416 336 
281 416 336 
281 414 336 
283 414 336 
283 413 336 
285 413 336 
286 412 336 
285 411 336 
284 411 336 
282 410 336 
282 409 336 
281 409 336 
282 408 336 
283 408 336 
283 408 336 
285 408 337 
285 408 337 
285 407 337 
285 407 336 
286 407 337 
286 407 337 
285 406 337 
285 406 336 
284 406 336 
283 406 336 
282 406 336 
282 406 336 
282 406 337 
283 407 337 
285 406 337 
286 406 337 
285 406 337 
284 406 337 
283 406 336 
282 406 336 
282 407 336 
282 406 336 
283 407 337 
283 407 337 
285 407 337 
285 407 337 
286 407 337 
286 407 337 
286 407 337 
285 407 337 
284 407 337 
283 407 337 
283 407 337 
282 408 337 
282 408 337 
282 408 337 
282 407 337 
283 407 337 
283 407 337 
284 407 337 
285 407 337 
285 407 337 
285 407 337 
286 408 337 
286 407 337 
285 408 337 
285 408 337 
285 408 337 
285 407 337 
284 407 337 
283 407 337 
