318 396 366 
320 396 366 
319 397 366 
319 398 366 
319 398 366 
320 400 366 
320 401 366 
321 401 366 
321 401 366 
322 402 366 
322 402 366 
322 402 366 
323 402 366 
322 400 366 
322 400 366 
322 400 366 
321 398 366 
321 397 365 
320 396 365 
320 395 366 
320 396 366 
319 394 365 
319 395 365 
318 395 365 
318 397 365 
319 398 366 
319 399 366 
321 402 366 
321 401 366 
322 403 366 
322 402 366 
322 401 366 
322 400 366 
322 399 366 
321 399 365 
320 396 365 
320 396 365 
320 395 365 
319 395 365 
319 395 365 
319 397 365 
319 397 365 
319 398 365 
321 401 365 
321 402 365 
322 402 366 
322 403 366 
323 403 365 
322 400 365 
322 399 365 
320 396 365 
320 396 365 
318 395 365 
318 395 365 
318 394 365 
318 397 365 
319 398 365 
319 399 365 
320 401 365 
320 401 365 
321 402 365 
321 402 365 
321 402 365 
322 403 365 
321 403 365 
322 403 365 
322 402 365 
322 403 365 
322 403 365 
322 401 365 
322 400 365 
321 400 365 
321 399 365 
320 397 365 
319 395 365 
319 396 364 
319 396 364 
318 396 364 
318 396 364 
317 394 364 
318 397 365 
318 398 365 
318 399 365 
319 402 365 
320 402 365 
320 403 365 
320 403 365 
320 403 365 
320 402 365 
321 403 365 
321 403 365 
321 401 364 
322 401 364 
320 401 364 
321 400 364 
319 398 364 
317 396 364 
317 396 364 
316 395 364 
316 395 364 
316 397 364 
317 399 364 
318 401 364 
319 402 364 
319 402 365 
320 403 365 
320 402 364 
320 401 364 
320 400 364 
319 399 364 
318 397 364 
317 396 364 
316 395 364 
316 395 364 
315 396 364 
316 397 364 
317 399 364 
317 399 364 
319 402 364 
319 402 364 
321 403 364 
321 404 364 
321 403 364 
320 401 364 
319 399 364 
317 396 364 
316 396 363 
316 395 364 
317 398 364 
317 399 364 
318 402 364 
319 402 364 
320 403 364 
320 403 364 
320 404 364 
320 402 364 
319 400 364 
321 400 364 
319 399 364 
318 397 364 
318 397 363 
317 397 363 
316 396 363 
316 396 363 
315 395 363 
316 398 363 
316 398 364 
317 400 363 
318 402 364 
318 402 364 
319 403 364 
320 403 364 
320 403 364 
320 402 364 
319 401 364 
319 400 363 
319 399 364 
318 397 363 
317 397 363 
316 396 363 
315 395 363 
315 397 363 
317 400 363 
318 402 364 
320 404 364 
320 403 364 
320 402 363 
320 400 363 
318 397 363 
318 397 363 
316 396 363 
316 396 363 
316 398 363 
317 399 363 
318 401 363 
319 403 363 
319 402 364 
320 404 363 
320 404 363 
320 403 363 
320 403 363 
320 402 363 
320 400 363 
319 398 363 
318 397 363 
317 397 363 
316 396 363 
316 396 363 
316 396 363 
316 398 363 
316 398 363 
317 399 363 
317 400 363 
317 401 363 
318 402 363 
319 402 363 
319 402 363 
320 403 363 
320 404 363 
320 404 363 
