352 502 459 
351 500 459 
350 499 459 
349 499 459 
349 501 459 
350 503 459 
352 506 459 
353 507 459 
354 507 459 
353 505 459 
352 503 459 
351 500 459 
350 498 458 
350 499 459 
350 501 459 
350 502 459 
352 505 459 
353 506 459 
353 505 459 
352 503 459 
351 500 459 
349 498 459 
349 500 459 
350 502 459 
352 505 459 
353 506 459 
353 506 459 
354 503 459 
352 503 459 
350 499 459 
350 498 459 
349 498 458 
350 501 459 
350 504 459 
352 505 459 
353 506 459 
353 504 459 
352 501 459 
350 499 458 
349 498 458 
350 501 459 
351 503 459 
352 505 459 
355 506 459 
354 504 459 
353 502 459 
351 499 458 
350 498 458 
349 498 458 
350 500 458 
347 502 459 
352 505 459 
353 506 459 
353 505 459 
353 503 459 
352 502 459 
351 499 458 
349 498 458 
349 498 458 
349 499 458 
350 500 458 
351 504 459 
354 505 459 
353 505 459 
353 502 458 
351 498 458 
349 497 458 
348 497 458 
351 500 458 
351 504 459 
353 505 459 
354 505 458 
353 502 458 
351 498 458 
350 497 458 
349 497 458 
350 500 458 
351 502 458 
352 504 459 
353 505 459 
353 503 458 
352 501 458 
348 497 458 
349 497 458 
349 498 458 
349 500 458 
351 503 458 
352 503 458 
353 505 458 
353 504 458 
353 502 458 
352 501 458 
351 498 458 
350 497 458 
349 496 458 
348 496 458 
350 499 458 
350 500 458 
351 503 458 
352 503 458 
353 505 458 
354 504 458 
353 502 458 
353 501 458 
351 498 457 
350 498 457 
349 496 457 
349 496 457 
349 498 458 
350 500 458 
351 503 458 
352 503 458 
353 504 458 
353 504 458 
353 502 458 
352 500 457 
351 497 457 
350 497 457 
350 496 457 
349 496 457 
349 497 457 
349 499 457 
349 500 457 
351 502 458 
351 503 458 
353 503 457 
353 504 458 
353 504 458 
353 501 457 
352 500 457 
351 498 457 
351 497 457 
350 497 457 
350 497 457 
349 496 457 
349 496 457 
349 495 457 
349 498 457 
350 499 457 
351 502 457 
349 502 457 
353 504 457 
353 504 457 
353 501 457 
353 500 457 
352 498 457 
350 496 457 
350 496 456 
349 496 456 
349 496 457 
349 497 457 
350 498 457 
350 499 457 
351 502 457 
351 502 457 
352 504 457 
353 504 457 
353 503 457 
353 502 457 
352 500 457 
352 499 457 
351 497 456 
351 497 456 
350 497 456 
349 495 456 
349 496 456 
348 495 456 
349 497 456 
349 498 456 
350 500 456 
352 502 457 
352 502 457 
352 503 457 
353 503 457 
353 502 457 
352 501 456 
353 500 456 
352 499 456 
350 496 456 
350 496 456 
349 496 456 
349 495 456 
346 495 456 
348 495 456 
349 497 456 
349 498 456 
350 500 456 
351 502 456 
352 503 457 
353 503 456 
353 501 456 
353 500 456 
352 498 456 
350 496 456 
350 496 456 
349 494 456 
348 495 456 
349 496 456 
349 498 456 
350 499 456 
