297 342 332 
297 342 332 
297 342 332 
297 343 332 
297 343 332 
298 343 332 
298 343 332 
298 343 332 
298 343 332 
298 344 332 
297 341 332 
297 341 332 
297 340 332 
297 340 332 
296 339 332 
296 337 332 
295 336 332 
300 337 332 
296 337 332 
295 336 332 
299 336 332 
296 336 332 
295 335 332 
296 337 332 
296 337 332 
296 338 332 
296 339 332 
298 342 333 
296 341 333 
297 343 333 
298 342 333 
300 343 333 
299 340 332 
299 340 333 
298 339 332 
298 338 332 
297 336 332 
294 336 332 
296 336 332 
295 336 332 
295 335 332 
295 335 332 
295 335 332 
295 335 332 
294 335 332 
295 335 332 
296 337 332 
296 336 332 
296 337 332 
296 337 332 
296 339 332 
297 339 332 
297 341 333 
295 341 332 
298 341 333 
298 342 333 
298 342 333 
298 342 333 
298 341 333 
298 341 333 
300 343 333 
299 343 333 
299 342 333 
294 342 332 
301 343 333 
300 342 332 
301 341 332 
299 340 332 
299 338 332 
295 336 332 
294 336 332 
294 334 332 
294 335 332 
294 335 332 
294 337 332 
295 338 332 
297 339 332 
298 342 332 
298 342 332 
298 342 332 
299 343 332 
296 343 332 
301 344 332 
299 342 332 
300 342 332 
299 341 332 
299 340 332 
298 340 332 
298 339 332 
298 337 331 
296 336 331 
296 337 331 
296 336 331 
295 335 331 
294 336 331 
295 335 331 
295 337 331 
296 338 331 
296 339 332 
299 343 332 
299 342 332 
299 343 332 
299 344 332 
299 341 331 
298 340 331 
296 337 331 
296 337 331 
295 335 331 
295 335 331 
295 336 331 
295 335 331 
296 337 331 
295 338 331 
297 340 331 
299 342 332 
299 342 332 
299 344 332 
299 343 332 
299 342 331 
298 341 331 
297 338 331 
296 337 331 
295 336 331 
295 336 331 
294 336 331 
295 338 331 
296 339 331 
296 340 331 
297 343 331 
298 343 331 
299 344 331 
300 344 331 
299 344 331 
298 344 331 
300 344 331 
301 344 331 
300 344 331 
300 343 331 
300 341 331 
298 340 331 
297 338 331 
296 337 331 
295 336 331 
296 336 331 
296 338 331 
296 338 332 
297 340 332 
300 342 332 
301 343 332 
300 343 332 
300 342 332 
300 340 332 
298 339 331 
297 336 331 
295 336 331 
295 335 331 
296 335 331 
295 337 331 
298 338 331 
297 340 331 
298 342 332 
299 342 332 
299 343 332 
300 343 332 
300 343 332 
298 341 331 
298 340 331 
298 340 331 
298 338 331 
297 337 331 
296 336 331 
296 336 331 
294 335 331 
295 335 331 
295 336 331 
297 337 331 
298 339 331 
298 341 331 
299 342 331 
299 343 332 
300 343 332 
300 342 331 
299 341 331 
298 339 331 
297 336 331 
296 336 331 
296 336 331 
295 335 331 
296 337 331 
297 338 331 
298 339 331 
298 342 332 
299 342 332 
300 343 332 
298 343 332 
301 342 331 
299 341 331 
299 340 331 
299 339 331 
298 337 331 
