318 354 341 
319 355 341 
320 356 341 
315 351 343 
318 349 341 
318 349 341 
316 348 341 
316 350 341 
316 351 341 
318 354 341 
318 354 341 
319 355 341 
319 355 341 
319 353 341 
319 352 341 
317 349 341 
316 347 340 
315 348 340 
316 350 341 
317 352 341 
318 354 341 
319 355 341 
319 353 341 
318 351 341 
317 349 341 
316 348 340 
316 350 341 
316 351 341 
318 354 341 
319 355 341 
319 353 341 
318 350 341 
316 349 340 
316 348 340 
315 349 340 
316 351 340 
318 354 341 
318 355 341 
319 355 341 
319 353 340 
318 351 340 
317 349 340 
315 348 340 
316 351 340 
317 354 341 
319 355 341 
319 354 340 
318 350 340 
315 348 340 
315 348 340 
316 351 340 
317 354 340 
318 355 340 
318 354 340 
317 352 340 
316 350 340 
315 348 340 
315 350 340 
317 354 340 
315 355 340 
318 354 340 
316 349 340 
311 349 340 
314 348 340 
315 351 340 
317 354 340 
318 355 340 
318 354 340 
316 349 340 
315 348 340 
316 350 340 
316 353 340 
318 356 340 
319 356 340 
318 352 340 
316 349 340 
314 348 339 
316 352 340 
317 354 340 
318 356 340 
318 353 340 
316 349 339 
315 348 340 
314 350 340 
316 353 340 
318 355 340 
318 354 340 
317 352 340 
315 348 339 
314 350 339 
315 352 340 
317 354 340 
318 355 340 
317 352 340 
315 348 339 
314 349 339 
314 352 340 
316 354 340 
318 355 340 
317 353 340 
315 349 339 
314 348 339 
313 347 339 
315 350 340 
316 354 340 
317 354 340 
319 355 340 
318 353 340 
316 351 340 
315 348 339 
313 347 339 
314 349 339 
314 351 340 
316 353 340 
317 355 340 
318 354 340 
317 353 340 
317 351 340 
315 349 340 
316 349 339 
314 348 339 
313 347 339 
314 349 339 
314 351 340 
315 353 340 
316 353 340 
317 355 340 
317 353 340 
316 351 339 
314 349 339 
313 348 339 
313 349 339 
314 352 339 
316 353 340 
317 354 340 
316 352 340 
314 348 339 
313 347 339 
313 349 339 
314 350 339 
316 353 340 
317 354 340 
316 352 340 
314 348 339 
313 347 339 
313 349 339 
314 351 339 
316 353 340 
317 354 340 
316 352 340 
314 348 339 
313 347 339 
312 347 339 
313 350 339 
316 353 340 
317 354 340 
317 353 339 
316 351 339 
313 348 339 
313 347 339 
313 349 339 
315 353 339 
317 354 340 
316 353 339 
316 351 339 
314 348 339 
313 347 339 
313 349 339 
313 351 339 
315 353 339 
316 354 339 
316 352 339 
315 349 339 
313 347 339 
313 347 339 
313 350 339 
314 353 339 
316 353 339 
317 354 339 
316 353 339 
315 351 339 
314 349 339 
313 349 339 
313 347 339 
312 347 339 
312 349 339 
313 350 339 
313 351 339 
314 352 339 
314 353 339 
314 353 339 
315 354 339 
315 354 339 
316 355 339 
315 352 339 
316 352 339 
315 352 339 
315 351 339 
314 349 339 
314 348 339 
