342 587 482 
342 585 482 
341 583 482 
340 583 482 
339 582 482 
339 582 482 
339 584 482 
340 585 482 
342 587 483 
343 588 483 
344 589 483 
344 588 482 
344 586 483 
341 582 482 
340 582 482 
338 581 482 
339 582 482 
340 584 482 
341 587 483 
342 587 483 
343 588 483 
344 588 483 
343 586 483 
343 585 483 
341 582 482 
340 582 482 
340 581 482 
339 581 482 
339 580 482 
340 583 483 
340 584 483 
342 587 483 
342 587 483 
344 588 483 
344 587 483 
343 585 483 
341 582 483 
340 581 483 
340 582 483 
341 584 483 
343 587 483 
344 588 483 
344 586 483 
343 585 483 
341 582 483 
340 580 483 
340 582 483 
341 584 483 
343 587 484 
344 588 484 
344 587 483 
343 584 483 
341 581 483 
340 580 483 
340 583 483 
342 587 484 
343 587 484 
345 588 484 
344 585 483 
342 581 483 
340 580 483 
339 580 483 
340 582 483 
342 586 484 
344 587 484 
345 587 484 
343 584 483 
341 581 483 
340 580 483 
341 583 484 
343 587 484 
345 588 484 
344 585 484 
342 581 483 
340 580 483 
341 583 483 
342 586 484 
344 587 484 
344 585 484 
341 581 483 
340 579 483 
341 582 483 
343 586 484 
344 587 484 
344 585 483 
342 581 483 
340 580 483 
340 581 483 
341 583 483 
343 586 484 
344 587 484 
344 584 484 
341 581 483 
340 580 483 
341 582 483 
343 586 484 
344 587 484 
345 585 484 
343 581 483 
341 580 483 
341 579 483 
341 582 484 
343 586 484 
344 587 484 
345 586 484 
344 584 484 
341 581 483 
341 580 483 
341 582 484 
343 586 484 
344 587 484 
345 585 484 
343 582 484 
341 579 483 
341 581 484 
342 584 484 
344 587 484 
345 586 484 
343 581 484 
341 579 484 
340 581 484 
341 583 484 
344 586 484 
346 587 484 
344 583 484 
342 580 484 
340 579 484 
341 582 484 
344 585 484 
345 587 484 
345 584 484 
344 581 484 
342 580 484 
341 579 484 
341 581 484 
342 582 484 
344 585 485 
343 585 484 
346 586 484 
344 584 484 
343 580 484 
341 579 484 
340 579 484 
341 581 484 
343 585 485 
344 586 485 
345 586 485 
344 583 484 
343 580 484 
342 580 484 
340 578 484 
341 580 484 
343 582 484 
343 585 485 
345 586 485 
345 586 485 
345 583 485 
344 581 484 
342 579 484 
341 578 484 
341 580 484 
342 582 485 
343 584 485 
345 586 485 
345 586 485 
345 583 485 
344 582 484 
343 579 484 
341 578 484 
341 579 484 
342 581 485 
343 584 485 
344 586 485 
345 585 485 
345 583 485 
343 580 484 
342 579 484 
341 578 484 
341 580 484 
342 581 485 
344 584 485 
345 585 485 
346 584 485 
345 582 485 
343 579 484 
342 577 485 
341 578 485 
342 580 485 
342 581 485 
344 584 485 
345 585 485 
346 584 485 
345 581 485 
343 578 485 
342 577 485 
341 578 485 
342 580 485 
343 583 485 
344 583 485 
346 584 485 
