287 258 337 
288 292 338 
289 345 340 
289 424 342 
290 469 342 
289 489 343 
289 489 343 
290 521 344 
290 522 344 
290 525 344 
290 526 345 
290 533 345 
290 530 345 
290 525 345 
290 534 345 
291 534 345 
291 544 346 
289 509 345 
289 504 345 
289 450 343 
288 408 342 
284 349 341 
287 278 339 
287 240 338 
286 217 337 
287 203 337 
286 170 336 
287 240 338 
287 281 338 
288 342 340 
289 444 342 
289 495 344 
290 540 345 
291 550 346 
289 510 344 
288 438 343 
288 396 341 
287 304 339 
287 257 338 
286 227 337 
286 178 336 
286 160 336 
286 151 335 
286 171 336 
287 174 336 
287 264 338 
288 310 339 
289 412 341 
289 476 343 
290 550 345 
291 554 345 
289 519 344 
289 496 343 
287 375 341 
287 237 337 
287 186 336 
287 185 336 
287 249 338 
288 327 340 
290 476 343 
290 554 345 
291 597 346 
290 586 346 
289 525 344 
288 455 343 
287 405 341 
286 310 339 
287 246 338 
286 174 336 
286 195 337 
287 264 338 
287 314 339 
289 461 343 
291 542 345 
290 555 345 
288 457 343 
287 293 339 
286 204 337 
287 178 336 
287 215 337 
288 267 338 
288 306 339 
290 406 341 
289 482 343 
291 537 344 
291 565 346 
291 595 346 
289 582 346 
289 474 343 
287 340 340 
287 249 338 
286 169 336 
287 206 337 
288 251 338 
290 350 341 
290 471 343 
291 596 347 
290 568 345 
289 508 344 
287 354 340 
287 263 338 
287 171 336 
287 223 337 
288 312 340 
290 508 345 
291 614 347 
290 442 343 
288 331 340 
287 312 340 
286 310 340 
287 364 341 
288 409 342 
289 424 343 
290 432 343 
291 408 342 
290 387 342 
287 275 339 
287 221 338 
287 251 338 
288 337 341 
290 459 344 
291 480 344 
291 511 345 
290 437 343 
289 397 342 
288 332 340 
288 302 340 
286 263 338 
286 280 339 
287 279 339 
288 338 341 
288 364 341 
290 446 343 
290 469 344 
291 476 344 
291 484 344 
289 433 343 
289 378 342 
288 284 339 
287 229 338 
285 252 338 
285 333 340 
290 464 344 
291 528 345 
289 467 343 
287 327 340 
286 289 339 
286 285 339 
288 362 341 
290 454 343 
291 480 344 
290 416 342 
288 316 340 
286 235 338 
287 283 339 
288 371 341 
290 482 344 
291 487 344 
289 415 342 
287 278 339 
287 239 338 
288 265 338 
288 362 341 
290 475 344 
291 514 345 
291 516 345 
289 411 342 
287 294 339 
286 242 338 
286 238 338 
288 352 341 
289 483 344 
290 483 344 
289 400 342 
287 291 339 
286 275 338 
287 288 339 
288 362 341 
291 452 343 
291 494 344 
290 453 343 
289 369 341 
287 274 339 
286 255 338 
288 316 340 
290 429 342 
291 567 346 
291 595 347 
288 449 342 
287 247 338 
287 176 336 
289 320 340 
290 530 345 
291 610 347 
289 520 344 
287 252 338 
286 184 337 
288 249 338 
290 449 343 
291 592 347 
