342 461 425 
343 462 425 
339 458 424 
339 455 424 
339 456 425 
341 461 425 
343 462 425 
343 459 425 
341 455 424 
339 454 424 
339 457 425 
341 461 425 
343 462 425 
343 460 425 
342 457 424 
340 454 424 
339 456 424 
342 460 425 
343 462 425 
344 460 425 
342 456 424 
340 454 424 
339 454 424 
340 457 424 
343 461 425 
344 462 425 
343 458 424 
341 455 424 
340 454 424 
340 457 424 
342 460 425 
343 461 425 
345 459 424 
341 455 424 
340 454 424 
340 456 424 
342 460 424 
343 461 424 
344 460 424 
343 458 424 
341 455 424 
337 454 424 
340 457 424 
342 460 424 
344 461 424 
344 458 424 
341 455 424 
340 454 424 
340 456 424 
342 460 424 
343 461 424 
344 462 424 
344 458 424 
341 455 424 
341 454 423 
340 455 424 
341 457 424 
342 460 424 
344 461 424 
343 461 424 
344 458 424 
342 454 424 
340 453 423 
337 453 423 
340 456 424 
342 460 424 
344 461 424 
344 459 424 
343 457 423 
341 454 423 
340 454 423 
342 456 424 
343 459 424 
344 460 424 
343 458 424 
342 454 423 
340 453 423 
342 456 424 
343 460 424 
344 461 424 
344 458 423 
342 454 423 
341 453 423 
340 455 423 
342 459 424 
344 461 424 
344 459 423 
344 456 423 
341 454 423 
340 453 423 
340 456 423 
343 460 423 
344 461 423 
344 458 423 
342 454 423 
340 453 423 
340 456 423 
342 459 423 
344 460 423 
344 458 423 
342 454 423 
341 453 423 
340 455 423 
342 459 423 
344 461 423 
344 458 423 
343 454 423 
341 453 422 
340 454 423 
342 459 423 
344 460 423 
344 458 423 
342 453 422 
340 453 423 
340 455 423 
342 459 423 
344 460 423 
343 456 423 
341 454 422 
340 452 422 
340 456 423 
343 458 423 
344 459 423 
344 457 423 
342 453 423 
340 452 423 
340 453 423 
340 455 423 
343 459 423 
344 460 423 
344 459 423 
343 456 423 
341 453 422 
340 452 422 
340 454 423 
343 458 423 
344 459 423 
342 457 423 
342 453 422 
340 452 422 
341 454 422 
343 458 423 
344 460 423 
343 455 423 
340 451 422 
340 453 422 
342 458 423 
345 459 423 
343 456 422 
341 452 422 
340 451 422 
341 454 422 
342 458 423 
344 459 423 
344 457 422 
341 452 422 
339 451 422 
340 453 422 
342 458 423 
343 459 423 
344 457 422 
343 454 422 
340 452 422 
339 451 422 
341 454 422 
343 458 422 
344 459 422 
344 458 422 
343 456 422 
341 452 422 
340 451 422 
339 450 422 
341 453 422 
342 457 422 
343 458 422 
344 458 422 
343 456 422 
341 452 422 
340 450 422 
339 451 422 
340 453 422 
340 454 422 
342 457 422 
343 458 422 
344 458 422 
343 456 422 
342 453 422 
340 451 421 
339 450 421 
341 454 422 
342 457 422 
343 456 422 
342 454 422 
340 450 421 
339 451 422 
340 454 422 
343 457 422 
343 456 422 
342 453 421 
339 450 421 
