347 487 451 
346 487 451 
347 490 452 
348 493 452 
350 494 452 
351 495 452 
351 493 452 
349 489 451 
347 488 451 
347 489 451 
348 491 452 
350 494 452 
351 495 452 
351 492 451 
349 489 451 
348 487 451 
346 487 451 
348 490 451 
349 494 451 
350 495 451 
351 495 451 
350 493 451 
350 491 451 
348 488 451 
347 487 451 
347 487 451 
346 487 451 
347 490 451 
348 491 451 
349 494 451 
351 495 451 
351 494 451 
351 493 451 
350 491 451 
350 490 451 
350 488 451 
348 488 451 
347 486 451 
347 487 451 
347 488 451 
348 489 451 
348 490 451 
350 494 451 
350 493 451 
352 494 451 
352 493 451 
352 491 451 
349 487 450 
348 487 450 
347 487 450 
347 489 451 
349 493 451 
350 494 451 
352 494 451 
351 492 451 
349 488 450 
348 487 450 
347 486 450 
347 488 451 
347 490 451 
350 493 451 
351 494 451 
351 494 451 
351 491 451 
350 490 450 
349 487 450 
347 486 450 
347 488 450 
348 490 450 
349 493 451 
351 494 451 
352 494 451 
351 491 450 
350 490 450 
349 487 450 
348 487 450 
347 486 450 
347 486 450 
348 487 450 
347 488 450 
348 489 450 
348 492 450 
350 492 451 
350 493 450 
351 493 450 
351 492 450 
350 490 450 
348 487 450 
348 487 449 
347 485 450 
346 485 450 
347 488 450 
347 489 450 
349 492 450 
350 494 450 
351 493 450 
352 492 450 
350 491 450 
350 490 450 
349 487 450 
345 486 449 
348 487 449 
347 485 449 
347 485 449 
347 487 449 
347 488 450 
348 489 450 
349 492 450 
350 492 450 
351 493 450 
351 491 450 
350 489 449 
348 486 449 
348 485 449 
346 485 449 
347 487 449 
347 488 449 
348 491 450 
350 492 450 
351 492 450 
351 493 450 
350 490 449 
350 489 449 
349 486 449 
347 485 449 
347 484 449 
346 484 449 
346 484 449 
346 487 449 
347 488 449 
348 491 450 
349 491 450 
350 491 450 
350 492 450 
350 492 450 
351 492 450 
351 492 450 
351 490 449 
350 489 449 
350 488 449 
348 486 449 
347 485 449 
346 484 449 
346 484 449 
347 486 449 
347 487 449 
349 490 449 
350 492 449 
350 492 449 
350 490 449 
350 488 449 
348 486 449 
347 485 448 
346 484 448 
345 484 448 
346 483 448 
345 484 449 
344 483 448 
344 485 449 
345 486 449 
345 486 449 
345 487 449 
346 487 449 
347 490 449 
347 490 449 
347 490 449 
348 492 449 
348 491 449 
348 491 449 
348 489 449 
348 488 448 
347 487 448 
346 484 448 
345 484 448 
345 483 448 
344 483 448 
344 484 448 
343 484 448 
345 485 448 
344 486 448 
345 486 448 
346 489 449 
347 489 448 
347 489 449 
348 491 448 
348 491 449 
349 491 449 
348 490 449 
349 491 449 
349 491 448 
348 489 448 
348 489 448 
349 488 448 
348 488 448 
348 488 448 
345 487 448 
348 487 448 
347 484 448 
346 484 448 
346 484 448 
