339 448 417 
341 451 417 
341 450 417 
342 451 417 
342 451 417 
344 452 417 
343 450 417 
342 448 417 
341 447 417 
340 445 417 
340 445 417 
339 444 417 
338 443 417 
338 443 417 
338 445 417 
338 446 417 
339 448 417 
341 450 417 
341 450 417 
342 451 417 
343 451 417 
342 449 417 
341 447 417 
340 444 417 
339 444 416 
339 443 416 
339 445 417 
339 446 417 
340 447 417 
341 450 417 
341 450 417 
342 451 417 
342 450 417 
343 451 417 
342 449 417 
342 448 417 
341 447 417 
341 446 417 
340 444 417 
339 443 416 
338 444 416 
339 444 416 
339 443 416 
338 443 416 
338 443 416 
338 442 416 
338 444 416 
338 445 416 
338 445 416 
339 446 416 
339 446 417 
341 449 417 
341 449 417 
341 449 417 
341 449 417 
341 450 417 
342 450 417 
342 450 417 
342 450 417 
342 450 417 
342 450 417 
342 450 417 
342 448 416 
342 448 416 
342 448 416 
341 447 416 
341 447 416 
341 446 416 
340 444 416 
339 443 416 
339 443 416 
338 442 416 
338 442 416 
337 442 416 
338 444 416 
338 444 416 
339 445 416 
338 446 416 
338 446 416 
339 447 416 
340 448 416 
340 449 416 
340 449 416 
341 449 416 
341 450 416 
342 450 416 
342 450 416 
342 450 416 
342 448 416 
342 448 416 
342 447 416 
342 447 416 
342 446 415 
341 444 416 
340 443 415 
341 443 415 
339 443 415 
339 443 415 
339 443 415 
338 443 415 
338 442 415 
338 442 415 
338 442 415 
338 442 415 
337 442 415 
338 444 415 
338 444 415 
338 445 415 
339 444 415 
339 445 415 
339 445 415 
339 445 415 
339 446 415 
339 447 415 
340 448 415 
340 448 415 
340 448 415 
340 448 415 
340 448 415 
341 448 415 
340 448 415 
341 448 415 
342 448 415 
341 448 415 
341 448 415 
342 450 415 
342 450 415 
342 450 415 
342 449 415 
342 449 415 
343 450 415 
342 450 415 
342 450 415 
342 448 415 
342 448 415 
342 448 415 
342 448 415 
342 448 415 
342 448 415 
342 448 415 
342 447 414 
342 447 414 
341 447 414 
341 447 414 
341 446 414 
341 446 414 
341 446 414 
341 445 414 
340 443 414 
339 443 414 
339 443 414 
338 442 414 
338 441 414 
338 442 414 
338 441 414 
338 443 414 
339 444 414 
339 445 414 
339 447 414 
342 448 414 
341 448 414 
341 449 414 
342 449 414 
342 449 414 
342 449 414 
342 448 414 
342 447 414 
342 447 414 
341 446 414 
341 446 414 
340 444 414 
339 443 413 
339 443 413 
339 443 413 
339 442 413 
339 443 413 
339 443 413 
339 442 413 
338 441 413 
338 442 413 
338 442 413 
338 441 413 
338 441 413 
339 442 413 
337 441 413 
338 443 413 
338 444 413 
338 444 413 
339 445 413 
341 448 414 
340 448 414 
341 449 414 
342 449 414 
342 448 414 
342 448 413 
342 447 413 
342 446 413 
340 445 413 
339 442 413 
339 442 413 
