294 348 331 
295 349 331 
295 347 331 
295 346 331 
293 342 331 
293 342 331 
291 341 331 
292 342 331 
292 343 331 
292 344 331 
294 347 331 
294 347 331 
294 346 331 
295 348 332 
295 348 331 
296 348 332 
294 346 331 
295 345 332 
295 345 331 
294 344 331 
293 341 331 
293 342 331 
292 340 331 
292 341 331 
292 340 331 
292 342 331 
293 342 331 
293 343 331 
294 344 331 
294 347 331 
295 346 331 
295 348 331 
296 348 331 
296 348 332 
295 346 331 
295 345 331 
296 344 331 
296 344 331 
294 341 331 
293 341 331 
294 341 331 
293 340 331 
293 340 331 
292 342 331 
293 343 331 
293 344 331 
295 346 331 
295 346 331 
295 348 331 
296 348 331 
296 347 331 
295 345 331 
295 344 331 
294 341 331 
294 342 331 
293 340 331 
292 340 331 
293 342 331 
293 342 331 
293 343 331 
293 344 331 
295 346 331 
295 346 331 
295 348 331 
296 348 331 
296 346 331 
295 345 331 
294 343 331 
294 341 331 
293 341 331 
293 340 331 
293 340 331 
293 340 331 
293 340 331 
293 342 331 
293 342 331 
294 343 331 
294 345 331 
295 346 331 
296 346 331 
297 347 331 
297 347 331 
297 347 331 
297 347 331 
296 346 331 
296 344 331 
295 344 331 
296 343 331 
294 341 331 
294 340 331 
295 340 331 
293 339 331 
293 339 331 
293 340 331 
293 341 331 
293 342 331 
294 345 331 
295 345 331 
295 345 331 
295 346 331 
296 346 331 
296 347 331 
296 345 331 
296 344 331 
295 343 331 
294 341 331 
294 340 331 
294 340 331 
293 339 331 
294 340 331 
293 339 331 
293 339 331 
293 340 331 
293 341 331 
294 341 331 
294 342 331 
294 342 331 
295 345 331 
294 345 331 
296 345 331 
295 346 331 
296 346 331 
296 346 331 
298 346 331 
296 345 331 
296 344 331 
296 343 331 
295 340 331 
294 340 331 
293 339 331 
294 339 331 
293 339 331 
294 340 331 
294 341 331 
295 342 331 
294 343 331 
295 345 331 
295 345 331 
296 345 331 
296 346 331 
297 347 331 
297 346 331 
296 345 331 
296 344 331 
296 344 331 
295 342 331 
295 340 331 
294 341 331 
294 339 330 
294 340 330 
293 340 330 
293 339 330 
294 341 330 
294 341 330 
294 342 330 
294 342 330 
294 342 330 
294 342 330 
294 342 330 
294 342 330 
296 343 331 
294 342 330 
293 344 330 
297 344 330 
296 347 331 
296 347 331 
296 347 331 
297 348 331 
297 347 331 
297 348 331 
297 346 331 
297 345 330 
297 344 330 
297 344 330 
296 345 330 
296 344 330 
297 344 330 
296 343 330 
296 342 330 
297 342 330 
295 342 330 
296 342 330 
296 342 330 
295 342 330 
295 342 330 
295 340 330 
295 341 330 
294 341 330 
294 341 330 
295 342 330 
295 343 330 
294 343 330 
296 344 330 
297 341 333 
297 341 333 
297 341 333 
297 343 333 
297 342 333 
299 343 333 
298 343 333 
