319 404 362 
319 403 362 
319 402 362 
318 401 362 
317 398 362 
317 398 362 
316 397 362 
316 397 362 
315 397 362 
315 396 362 
315 399 362 
315 399 362 
316 399 362 
316 400 362 
316 400 362 
317 401 362 
317 403 362 
318 403 362 
318 404 362 
318 403 362 
318 403 362 
319 404 362 
317 404 362 
320 405 362 
320 405 362 
319 403 362 
319 402 362 
319 401 362 
317 398 362 
315 398 361 
316 397 361 
315 397 361 
315 396 361 
315 399 362 
316 399 362 
316 400 362 
317 401 362 
317 403 362 
319 403 362 
318 403 362 
319 404 362 
319 404 362 
319 405 362 
320 405 362 
319 403 362 
319 403 362 
319 402 362 
319 401 362 
319 401 362 
318 398 361 
317 398 361 
316 398 361 
316 398 361 
316 397 361 
316 397 361 
315 397 361 
315 397 361 
316 397 361 
315 397 361 
315 397 361 
315 397 361 
315 396 361 
316 399 361 
315 399 361 
316 400 362 
316 401 362 
317 403 362 
318 403 362 
319 404 362 
320 405 362 
319 403 362 
319 402 362 
318 400 361 
317 398 361 
316 398 361 
315 397 361 
315 397 361 
315 397 361 
314 396 361 
315 399 361 
315 399 361 
315 400 361 
316 400 361 
316 401 361 
316 401 361 
317 403 361 
317 404 362 
318 404 361 
318 404 361 
318 404 361 
318 404 361 
318 405 362 
319 405 361 
320 405 361 
319 405 361 
319 405 361 
319 403 361 
319 403 361 
319 402 361 
318 401 361 
318 401 361 
317 400 361 
318 398 361 
317 398 361 
318 399 361 
317 398 361 
317 398 361 
316 398 361 
316 398 361 
317 398 361 
316 398 361 
315 397 361 
315 397 361 
314 396 361 
315 396 361 
314 397 361 
314 397 361 
314 397 361 
314 397 361 
314 398 361 
315 399 361 
315 399 361 
315 400 361 
315 401 361 
316 403 361 
317 403 361 
318 404 361 
318 404 361 
318 404 361 
318 402 361 
318 402 361 
318 401 361 
319 401 361 
317 400 361 
317 399 361 
316 397 361 
316 397 361 
316 397 361 
315 396 361 
314 396 361 
314 396 361 
314 396 361 
314 396 361 
314 397 361 
314 397 361 
315 398 361 
315 400 361 
315 400 361 
317 402 361 
317 403 361 
317 402 361 
318 404 362 
318 403 361 
318 402 361 
318 401 361 
316 398 361 
315 397 361 
314 396 361 
314 395 361 
315 397 361 
314 399 361 
316 402 361 
317 402 361 
318 404 361 
318 404 361 
318 404 361 
318 402 361 
319 401 361 
317 398 361 
315 397 361 
314 396 361 
314 398 361 
315 400 361 
317 403 361 
318 404 361 
318 402 361 
317 401 361 
316 398 360 
315 398 361 
315 396 360 
314 398 361 
315 400 361 
317 403 361 
318 404 361 
318 402 361 
317 400 360 
315 397 360 
314 396 360 
314 398 360 
314 400 360 
317 403 361 
318 404 361 
318 402 361 
316 399 360 
314 396 360 
313 396 360 
314 399 360 
316 403 361 
317 404 361 
318 404 361 
