351 562 488 
351 560 488 
350 558 488 
348 555 487 
348 553 487 
347 555 488 
348 557 488 
350 560 488 
351 561 488 
351 561 488 
352 558 488 
350 555 487 
348 555 487 
347 554 487 
347 555 487 
347 556 488 
348 557 488 
349 560 488 
350 560 488 
351 561 488 
351 561 488 
351 558 487 
351 557 487 
349 555 487 
348 555 487 
347 553 487 
347 553 487 
348 556 487 
348 557 487 
351 560 488 
351 561 487 
351 561 488 
351 558 487 
350 557 487 
348 554 487 
347 553 487 
347 554 487 
348 556 487 
349 559 487 
350 559 487 
351 561 487 
348 561 487 
350 558 487 
352 557 487 
349 554 487 
348 554 487 
347 553 487 
347 554 487 
348 556 487 
349 559 487 
350 559 487 
351 560 487 
351 560 487 
352 559 487 
351 558 487 
350 555 487 
349 554 487 
347 552 486 
347 552 487 
348 556 487 
349 559 487 
350 560 487 
351 560 487 
351 558 487 
349 554 486 
347 553 486 
347 553 486 
348 555 487 
349 559 487 
350 559 487 
352 560 487 
351 559 486 
351 558 487 
349 554 486 
348 552 486 
347 553 486 
347 555 487 
349 558 487 
350 559 487 
351 560 487 
351 558 487 
350 556 487 
349 553 486 
348 552 486 
347 554 486 
348 555 486 
350 559 487 
351 560 487 
351 559 487 
351 558 487 
352 556 486 
349 553 486 
348 553 486 
347 552 486 
347 553 486 
348 555 486 
350 559 487 
351 559 486 
351 559 487 
351 557 487 
350 556 486 
349 553 486 
348 552 486 
347 552 486 
346 553 486 
347 554 486 
348 556 487 
350 558 487 
351 559 487 
351 558 487 
351 556 486 
349 552 486 
347 551 486 
347 553 486 
348 555 486 
351 558 487 
352 559 487 
352 556 486 
350 553 486 
348 551 486 
347 551 486 
348 554 486 
350 558 487 
352 559 487 
351 557 487 
350 555 486 
349 552 486 
348 551 486 
347 551 486 
348 554 486 
350 558 487 
351 557 486 
351 559 487 
351 557 486 
350 555 486 
349 552 486 
348 550 486 
347 551 486 
348 553 486 
348 554 486 
350 557 486 
351 558 486 
351 557 486 
350 555 486 
349 552 486 
347 550 486 
347 552 486 
348 554 486 
350 557 486 
353 558 486 
352 557 486 
351 554 486 
349 552 486 
347 550 486 
348 552 486 
348 554 486 
351 557 486 
352 558 486 
351 556 486 
351 555 486 
350 551 486 
348 551 486 
347 550 486 
348 553 486 
350 557 486 
351 558 486 
352 556 486 
350 554 486 
349 551 486 
347 550 486 
347 552 486 
349 556 486 
351 558 486 
351 558 486 
351 555 486 
349 551 486 
347 550 486 
347 551 486 
349 553 486 
350 556 486 
351 557 486 
352 557 486 
351 554 486 
349 551 485 
348 550 486 
347 550 485 
348 552 486 
348 554 486 
350 556 486 
351 557 486 
352 555 486 
350 553 486 
348 551 486 
348 549 486 
347 551 486 
348 552 486 
349 556 486 
351 557 486 
352 556 486 
351 554 486 
