286 314 337 
286 320 337 
284 304 337 
285 311 337 
285 308 337 
283 313 337 
286 314 337 
287 352 338 
288 392 339 
288 400 339 
286 366 339 
284 319 337 
285 316 337 
286 339 338 
288 410 340 
288 391 339 
286 355 338 
284 312 337 
285 302 337 
288 400 339 
288 405 339 
286 373 339 
285 296 337 
284 299 337 
286 331 337 
288 411 339 
285 417 340 
287 401 340 
285 326 337 
284 297 336 
286 319 337 
288 410 339 
287 396 339 
285 351 338 
284 307 337 
286 319 337 
289 421 340 
288 402 339 
285 329 337 
284 307 336 
287 336 337 
288 427 340 
287 409 339 
286 352 338 
284 300 336 
285 296 336 
287 379 338 
289 442 340 
288 415 339 
287 339 337 
284 295 336 
286 311 336 
287 353 337 
288 429 339 
287 415 339 
286 360 338 
284 308 336 
285 312 336 
287 336 337 
288 415 339 
287 413 339 
286 360 338 
285 311 336 
283 293 336 
287 350 337 
288 428 339 
288 401 339 
286 361 338 
284 287 335 
285 302 336 
287 354 337 
288 440 340 
288 421 339 
286 348 337 
284 308 336 
285 301 336 
287 360 337 
288 428 339 
286 440 340 
285 365 338 
284 307 336 
284 293 335 
285 296 335 
288 403 338 
288 422 339 
288 427 339 
286 348 337 
284 295 335 
285 293 335 
286 331 336 
288 409 338 
288 432 339 
287 416 339 
285 344 337 
285 307 336 
285 292 335 
288 352 337 
288 420 339 
288 431 339 
286 361 337 
284 279 335 
285 310 336 
287 345 336 
289 438 339 
287 425 338 
286 365 337 
284 312 336 
284 317 336 
286 327 336 
287 387 338 
288 428 339 
288 421 339 
287 357 337 
284 317 336 
284 273 335 
285 284 335 
287 337 336 
288 572 342 
289 593 343 
288 512 341 
288 419 339 
286 277 336 
286 233 335 
284 173 333 
284 182 333 
285 235 334 
285 337 336 
287 422 338 
288 492 340 
288 530 341 
288 513 341 
287 457 340 
287 342 337 
285 252 335 
285 185 333 
284 162 332 
284 167 332 
285 223 333 
285 345 336 
287 423 338 
288 524 341 
288 552 342 
288 526 341 
288 476 340 
288 432 339 
287 340 337 
286 279 336 
286 241 335 
285 182 333 
285 167 332 
284 154 331 
284 197 332 
285 243 333 
285 321 335 
286 398 337 
287 444 338 
287 468 339 
287 512 340 
288 534 341 
289 482 340 
288 472 340 
288 470 340 
286 502 340 
286 498 341 
285 475 340 
285 476 340 
285 468 340 
286 462 340 
286 440 340 
287 416 339 
287 386 339 
286 358 338 
284 324 337 
284 312 337 
283 320 337 
284 290 336 
283 313 337 
283 309 336 
283 299 336 
283 324 337 
284 322 337 
283 325 337 
283 331 337 
283 328 336 
283 318 336 
283 323 336 
284 344 337 
284 386 339 
285 414 339 
285 438 340 
286 463 340 
285 497 341 
286 514 342 
286 537 342 
286 525 342 
286 541 342 
286 541 343 
285 503 342 
285 479 341 
284 455 341 
