291 328 314 
291 328 314 
291 329 314 
291 326 314 
291 325 314 
288 323 313 
288 321 313 
288 322 313 
288 321 313 
287 320 313 
287 320 313 
287 320 313 
288 322 313 
288 323 313 
288 324 313 
289 326 314 
290 327 314 
291 328 314 
291 328 314 
290 325 314 
289 321 313 
288 321 313 
287 320 313 
288 323 314 
290 327 314 
291 328 314 
291 327 314 
290 324 314 
289 321 313 
288 320 313 
287 320 313 
289 322 313 
289 324 314 
291 326 314 
292 327 314 
291 326 314 
290 325 314 
289 321 313 
289 322 313 
289 320 313 
289 322 313 
289 324 314 
290 326 314 
291 327 314 
291 327 314 
291 325 314 
290 324 314 
289 321 313 
288 321 313 
287 320 313 
287 320 313 
288 322 313 
288 323 313 
288 324 314 
290 327 314 
290 328 314 
291 328 314 
291 327 313 
291 325 314 
290 324 313 
289 322 313 
289 322 313 
289 322 313 
289 322 313 
288 321 313 
288 321 313 
288 321 313 
288 321 313 
288 320 313 
288 322 313 
288 323 313 
288 324 313 
289 325 313 
290 327 314 
290 327 313 
290 327 314 
291 328 313 
291 328 313 
291 328 313 
291 327 313 
291 326 313 
291 325 313 
290 324 313 
289 323 313 
289 322 313 
288 322 313 
288 322 313 
288 321 313 
287 321 313 
288 321 313 
287 323 313 
289 324 313 
290 327 313 
290 327 313 
291 329 313 
291 329 313 
291 327 313 
291 325 313 
289 322 313 
288 323 313 
288 321 312 
288 322 313 
288 323 313 
288 324 313 
289 325 313 
289 327 313 
290 328 313 
290 327 313 
291 329 313 
291 328 313 
291 329 313 
291 327 313 
290 326 313 
290 325 313 
289 322 313 
288 322 312 
288 322 312 
288 323 312 
288 325 313 
290 328 313 
290 328 313 
290 329 313 
291 327 313 
290 326 313 
290 325 313 
288 322 313 
288 321 313 
288 322 312 
287 321 312 
288 323 313 
288 325 313 
289 326 313 
290 328 313 
290 328 313 
291 329 313 
291 329 313 
291 329 313 
291 329 313 
290 327 313 
290 326 313 
291 326 313 
290 325 313 
290 325 313 
289 323 312 
289 323 312 
289 323 313 
289 322 312 
289 322 313 
288 322 312 
288 322 312 
288 323 312 
288 321 312 
288 322 312 
287 321 312 
288 324 312 
288 324 312 
288 324 313 
289 326 313 
289 327 313 
290 328 313 
290 328 313 
291 329 313 
292 329 313 
292 327 313 
290 325 313 
287 322 312 
288 322 312 
288 322 312 
286 323 312 
288 324 313 
289 328 313 
290 327 313 
290 328 313 
291 329 313 
290 326 313 
289 325 312 
288 323 312 
287 321 313 
286 321 313 
288 324 313 
289 328 313 
290 327 313 
290 329 313 
291 329 313 
290 326 313 
290 325 313 
289 323 313 
288 322 313 
288 323 312 
288 321 313 
287 321 312 
287 321 312 
288 324 313 
289 325 312 
290 328 313 
290 327 313 
291 329 313 
290 327 313 
290 325 313 
288 322 313 
