292 324 318 
291 325 318 
292 327 318 
293 330 318 
294 330 318 
295 331 318 
293 328 318 
293 324 318 
292 325 318 
291 323 317 
292 326 318 
292 329 318 
293 329 318 
294 330 318 
294 328 318 
293 326 317 
292 325 318 
292 323 317 
291 323 317 
292 326 318 
292 328 318 
294 329 318 
294 331 318 
295 331 318 
295 331 318 
295 329 318 
294 328 317 
294 327 318 
297 325 317 
288 324 317 
291 323 317 
291 323 317 
289 323 317 
291 326 317 
293 327 318 
293 329 318 
293 329 318 
294 330 318 
295 330 318 
294 328 318 
294 327 317 
292 324 317 
291 323 317 
291 323 317 
291 325 317 
291 326 317 
292 328 318 
293 329 318 
294 330 318 
294 330 318 
294 329 318 
293 328 318 
293 326 317 
292 324 317 
292 323 317 
291 323 317 
291 325 317 
292 326 317 
293 329 318 
293 329 318 
294 331 318 
294 329 318 
293 327 317 
292 324 317 
292 324 317 
291 323 317 
291 325 317 
291 326 317 
293 329 318 
293 329 318 
294 330 318 
295 331 318 
294 327 317 
293 327 318 
292 324 317 
292 323 317 
291 323 317 
291 325 317 
292 328 318 
293 328 318 
294 330 318 
294 330 318 
294 328 318 
294 327 318 
292 324 317 
292 324 317 
292 324 317 
291 322 317 
290 322 317 
291 325 317 
292 326 318 
293 329 318 
293 329 318 
294 330 318 
294 330 318 
293 327 318 
293 326 317 
292 324 317 
292 324 317 
292 324 317 
291 323 317 
292 323 317 
291 322 317 
291 324 317 
291 326 318 
293 329 318 
293 328 318 
294 330 318 
294 330 318 
294 328 318 
293 327 317 
293 326 317 
292 323 317 
292 323 317 
291 323 317 
292 322 317 
291 322 317 
291 324 317 
292 325 317 
292 326 318 
292 326 318 
293 328 318 
293 329 318 
293 328 318 
293 328 318 
294 329 318 
294 330 318 
294 329 318 
294 329 318 
295 329 318 
294 328 318 
293 326 318 
293 326 318 
293 326 317 
292 323 317 
292 323 317 
292 323 317 
291 322 317 
291 322 317 
291 322 317 
291 323 317 
291 324 318 
292 324 318 
292 326 318 
293 328 318 
293 327 318 
294 329 318 
294 328 318 
295 329 318 
293 326 318 
293 325 318 
292 322 317 
292 322 318 
291 321 318 
291 321 317 
291 323 318 
292 325 318 
293 327 318 
293 328 318 
294 328 318 
293 326 318 
292 322 318 
292 322 318 
291 321 318 
291 324 318 
293 327 318 
290 327 318 
294 328 318 
293 326 318 
292 322 318 
292 321 318 
291 321 318 
292 324 318 
294 328 318 
295 329 318 
295 329 318 
294 326 318 
292 322 318 
291 321 318 
291 321 317 
291 324 318 
293 328 318 
294 329 318 
294 328 318 
293 326 318 
292 323 318 
291 323 317 
291 322 318 
291 324 318 
292 326 318 
293 327 318 
294 329 318 
293 327 318 
293 324 317 
292 323 317 
291 322 317 
291 324 317 
293 326 318 
294 328 318 
294 329 318 
