297 327 322 
296 324 322 
295 323 322 
294 323 322 
295 325 322 
293 328 322 
297 328 322 
297 329 322 
297 327 322 
296 324 322 
295 324 322 
294 322 322 
294 323 322 
295 325 322 
295 328 322 
297 328 322 
297 330 322 
298 329 322 
297 327 322 
295 323 322 
295 323 322 
294 322 322 
295 324 322 
295 326 322 
296 329 322 
297 330 322 
297 329 322 
296 327 322 
295 323 322 
295 322 322 
295 323 322 
295 324 322 
295 326 322 
297 328 322 
296 328 322 
298 330 322 
299 330 322 
296 328 322 
296 327 322 
296 326 322 
296 325 322 
295 323 322 
295 324 322 
294 322 322 
294 323 322 
295 325 322 
295 326 322 
297 329 322 
296 328 322 
297 329 322 
297 329 322 
298 330 322 
293 328 322 
296 327 322 
296 326 322 
295 324 322 
294 323 322 
294 323 322 
294 324 322 
295 326 322 
296 328 322 
296 329 322 
297 330 322 
296 327 322 
294 324 322 
294 323 322 
294 324 322 
295 326 322 
296 328 322 
297 329 322 
297 327 322 
295 325 322 
295 324 322 
294 322 322 
295 324 322 
300 327 322 
302 330 322 
300 330 322 
300 330 322 
299 327 322 
298 325 322 
296 324 322 
295 322 322 
295 324 322 
296 325 322 
297 328 322 
297 329 322 
297 329 323 
297 328 322 
296 326 322 
295 324 322 
294 323 322 
294 324 322 
296 327 322 
297 329 322 
298 330 322 
296 326 322 
294 323 322 
294 322 322 
295 324 322 
295 326 322 
296 328 322 
297 329 322 
297 327 322 
296 325 322 
295 324 322 
294 322 322 
294 324 322 
295 325 322 
296 328 322 
297 329 322 
297 329 322 
296 326 322 
295 323 322 
294 322 322 
293 321 322 
294 324 322 
296 328 322 
297 329 322 
296 327 322 
295 323 322 
294 322 322 
294 324 322 
295 325 322 
296 328 322 
297 329 322 
298 327 322 
296 325 322 
295 323 322 
295 322 322 
297 324 322 
300 326 322 
298 328 322 
298 329 322 
297 327 322 
296 323 322 
295 322 322 
295 323 322 
296 325 322 
296 328 322 
297 329 322 
297 328 322 
296 326 322 
295 322 322 
294 322 322 
294 323 322 
295 326 322 
296 328 322 
297 329 322 
297 330 322 
296 326 322 
296 325 322 
295 323 322 
294 322 321 
293 322 321 
294 325 322 
295 326 322 
296 328 322 
296 328 322 
297 329 322 
297 329 322 
297 328 322 
296 327 322 
297 326 322 
295 323 321 
294 322 321 
294 322 321 
294 324 321 
295 325 322 
295 326 322 
296 329 322 
296 330 322 
298 330 322 
298 329 322 
297 327 322 
296 326 322 
295 323 321 
295 323 321 
294 322 321 
293 322 321 
294 325 322 
295 326 322 
296 328 322 
296 329 322 
297 329 322 
297 328 322 
296 326 321 
294 323 321 
294 323 321 
293 322 321 
294 325 321 
295 329 322 
296 330 322 
297 329 321 
297 327 321 
294 324 321 
294 323 321 
294 322 321 
294 325 321 
295 329 321 
