349 505 462 
350 509 462 
352 512 462 
353 514 462 
354 513 462 
353 512 462 
353 511 462 
352 509 462 
351 506 462 
350 506 462 
350 506 462 
350 508 462 
351 509 462 
352 512 462 
353 513 462 
354 513 462 
353 510 462 
353 509 462 
351 506 462 
350 505 462 
349 505 462 
350 508 462 
350 509 462 
352 512 462 
353 513 462 
354 513 462 
354 513 462 
354 511 462 
353 510 462 
353 509 462 
351 506 462 
350 505 461 
349 505 462 
349 506 461 
350 508 462 
352 512 462 
353 513 462 
353 511 462 
353 509 462 
351 506 462 
351 505 461 
350 506 462 
351 509 462 
352 511 462 
354 513 462 
354 510 462 
352 507 462 
351 505 461 
349 504 461 
348 508 462 
353 512 462 
353 512 462 
354 511 462 
353 508 462 
351 506 461 
351 505 461 
350 504 461 
349 504 461 
350 506 461 
350 508 462 
351 511 462 
352 511 462 
353 512 462 
354 512 462 
354 512 462 
353 510 462 
350 509 462 
352 505 461 
350 505 461 
349 504 461 
350 506 461 
351 508 461 
352 510 462 
353 511 462 
353 512 462 
354 512 462 
354 512 462 
354 510 461 
353 509 462 
353 509 461 
353 508 462 
353 508 461 
352 505 461 
351 505 461 
350 505 461 
351 504 461 
351 503 461 
349 503 461 
349 503 461 
350 505 461 
350 506 461 
350 506 461 
350 506 461 
350 507 461 
350 507 461 
350 507 461 
350 508 461 
351 510 461 
351 510 461 
352 509 461 
352 510 462 
352 510 461 
352 510 461 
353 510 462 
352 509 461 
352 510 461 
352 509 461 
352 510 461 
352 509 461 
352 510 461 
352 509 461 
353 510 461 
353 510 461 
353 510 461 
354 510 461 
354 509 461 
353 508 461 
353 507 461 
352 506 461 
351 503 461 
350 503 461 
350 503 461 
350 502 461 
349 502 461 
349 502 461 
350 504 461 
350 505 461 
351 507 461 
352 509 461 
352 509 461 
353 510 461 
354 510 461 
354 508 461 
353 507 461 
353 506 461 
352 503 461 
352 503 461 
351 503 460 
350 502 460 
349 502 461 
349 502 461 
349 502 461 
350 501 461 
350 503 461 
350 504 461 
350 505 461 
350 505 461 
351 508 461 
352 508 461 
353 509 461 
353 509 461 
354 509 461 
353 506 461 
352 505 461 
351 502 460 
350 502 460 
349 501 460 
349 501 460 
349 502 460 
351 504 461 
350 505 461 
352 508 461 
353 509 461 
354 508 461 
354 507 461 
350 505 460 
352 502 460 
350 501 460 
349 501 460 
348 504 460 
351 507 460 
352 507 460 
353 509 460 
353 507 460 
353 506 460 
351 502 460 
350 502 460 
349 501 460 
349 500 460 
349 503 460 
350 504 460 
352 507 460 
352 508 460 
354 508 460 
353 507 460 
353 505 460 
352 503 460 
350 501 460 
349 500 460 
349 500 460 
348 500 459 
349 503 460 
350 504 460 
352 507 460 
352 507 460 
353 507 460 
354 508 460 
353 505 460 
352 502 460 
350 501 460 
