282 230 331 
281 212 330 
283 292 332 
284 399 335 
285 506 338 
286 575 339 
286 596 340 
286 582 340 
285 504 338 
284 427 336 
283 288 333 
282 242 332 
282 204 330 
282 259 332 
283 313 333 
284 402 336 
285 510 338 
286 542 339 
286 557 340 
285 537 339 
285 475 338 
283 406 336 
282 277 333 
282 222 332 
282 234 332 
283 367 335 
285 506 338 
286 597 341 
285 503 338 
283 342 334 
281 241 332 
282 225 332 
283 363 335 
285 509 339 
286 559 340 
285 497 338 
283 369 335 
282 255 332 
282 223 332 
283 332 334 
285 502 338 
285 542 340 
285 498 338 
283 378 335 
282 272 333 
282 255 332 
283 326 334 
285 481 338 
286 541 340 
286 522 339 
284 421 337 
283 282 334 
282 228 332 
283 291 334 
285 439 338 
287 538 340 
287 567 341 
285 492 339 
284 407 336 
283 284 334 
283 257 333 
282 231 332 
283 261 333 
284 353 335 
285 396 337 
285 505 339 
286 558 341 
286 546 340 
284 429 337 
283 279 334 
282 233 332 
284 310 334 
285 494 339 
286 592 341 
285 463 338 
283 307 334 
283 239 333 
284 286 334 
284 409 337 
285 518 339 
287 610 342 
285 478 338 
283 300 334 
282 197 332 
283 240 333 
284 384 336 
286 519 340 
287 561 341 
285 445 338 
284 278 334 
283 218 332 
283 260 333 
285 383 336 
287 539 340 
286 570 341 
284 405 336 
282 232 333 
283 229 333 
285 384 336 
286 549 340 
287 575 341 
286 450 338 
283 274 334 
282 201 332 
285 291 334 
286 439 338 
287 572 341 
286 576 340 
285 415 337 
283 259 333 
282 198 332 
284 273 334 
285 469 338 
286 572 341 
286 592 341 
285 453 338 
283 275 334 
284 194 332 
284 276 334 
286 464 338 
287 575 341 
286 543 340 
284 429 337 
283 248 333 
282 178 331 
284 244 333 
285 429 338 
286 518 340 
287 594 342 
287 630 343 
286 542 341 
285 489 339 
284 409 337 
283 338 336 
284 286 334 
283 218 333 
283 207 332 
283 211 333 
285 272 334 
285 367 336 
286 483 339 
287 540 341 
287 526 340 
286 506 340 
285 424 338 
284 355 336 
283 287 334 
283 266 333 
282 255 333 
282 236 333 
284 270 333 
284 339 335 
284 375 336 
285 414 337 
286 478 339 
286 483 339 
288 500 339 
287 502 340 
286 472 339 
285 413 337 
284 337 335 
283 293 334 
283 267 333 
283 267 333 
283 298 334 
285 346 335 
284 365 336 
284 400 337 
286 453 338 
286 482 339 
286 494 339 
286 504 339 
287 500 340 
287 518 340 
287 501 340 
286 482 339 
286 433 338 
285 384 337 
284 314 335 
284 276 334 
284 260 333 
283 261 334 
282 287 334 
283 252 333 
284 338 335 
284 366 336 
285 410 337 
287 470 339 
287 495 339 
287 526 340 
288 526 340 
288 492 339 
286 447 338 
285 405 337 
284 320 335 
284 294 334 
283 275 334 
283 284 334 
283 269 333 
284 282 334 
