289 326 313 
289 325 313 
289 325 313 
288 324 313 
288 322 313 
287 322 312 
287 322 312 
287 321 312 
286 321 312 
285 320 312 
287 322 313 
287 323 313 
288 324 313 
288 325 313 
288 327 313 
289 327 313 
290 327 313 
289 327 313 
289 327 313 
290 328 313 
290 328 313 
289 326 313 
289 326 313 
290 325 313 
289 325 313 
288 324 313 
289 324 313 
288 323 313 
288 322 313 
287 321 313 
287 321 312 
287 321 312 
287 321 312 
287 322 313 
286 321 313 
287 321 313 
285 321 313 
288 320 312 
287 320 312 
286 320 312 
287 322 313 
286 322 312 
287 323 312 
287 324 313 
287 324 313 
288 325 313 
287 325 313 
288 327 313 
288 327 313 
289 326 313 
288 328 313 
290 328 313 
289 328 313 
289 328 313 
289 328 313 
289 328 313 
289 328 313 
290 328 313 
289 328 313 
289 327 313 
289 326 313 
289 326 313 
290 327 313 
289 326 312 
289 326 312 
289 325 312 
288 325 312 
288 325 312 
287 322 312 
287 322 312 
287 322 312 
287 322 312 
287 322 312 
286 321 312 
286 321 312 
285 320 312 
285 323 312 
289 324 312 
289 324 312 
287 325 312 
288 327 312 
288 328 312 
288 327 312 
289 329 312 
289 329 313 
289 327 312 
289 326 312 
288 325 312 
287 322 312 
289 323 312 
286 322 312 
286 321 312 
286 321 312 
286 323 312 
288 325 312 
287 325 312 
289 328 312 
288 328 312 
289 328 313 
289 329 312 
289 327 312 
289 326 312 
288 325 312 
287 322 312 
287 322 312 
287 322 312 
287 322 312 
286 322 312 
286 322 312 
287 321 312 
286 321 312 
286 322 312 
285 321 312 
287 324 312 
287 324 312 
287 325 312 
288 325 312 
287 326 312 
287 327 312 
289 328 312 
288 328 312 
288 328 312 
288 328 312 
289 329 312 
289 329 312 
291 330 312 
289 327 312 
288 326 312 
288 325 312 
288 323 312 
287 323 312 
286 322 312 
286 322 312 
286 322 312 
286 323 312 
286 324 312 
286 324 312 
288 324 312 
287 325 312 
286 325 312 
287 325 312 
287 325 312 
287 326 312 
288 328 312 
289 328 312 
288 328 312 
288 327 312 
288 328 312 
289 328 312 
290 329 312 
290 329 312 
289 329 312 
289 327 312 
289 327 312 
289 326 312 
288 325 312 
287 323 312 
287 323 312 
286 322 312 
285 322 312 
282 322 312 
287 324 312 
287 325 312 
287 326 312 
288 328 312 
288 328 312 
290 329 312 
289 329 312 
289 327 312 
288 326 312 
287 324 312 
287 323 312 
287 324 312 
286 322 311 
286 323 311 
286 324 311 
287 326 312 
289 328 312 
289 329 312 
289 329 312 
289 328 312 
288 326 312 
287 323 312 
287 324 312 
286 322 311 
286 322 311 
286 323 312 
287 325 312 
287 326 312 
288 329 312 
289 329 312 
289 329 312 
288 327 312 
288 325 312 
286 323 311 
286 322 311 
285 322 311 
286 323 312 
287 324 312 
287 326 312 
