282 339 324 
283 339 324 
284 339 324 
282 339 324 
279 339 324 
279 339 324 
281 339 324 
281 339 324 
283 339 324 
283 339 324 
282 340 324 
281 340 324 
279 340 324 
279 339 323 
279 340 324 
280 340 324 
282 339 324 
283 339 324 
283 340 324 
282 340 324 
281 340 323 
279 340 324 
280 340 324 
281 339 324 
283 340 324 
283 340 324 
282 339 324 
281 340 324 
280 339 323 
280 340 323 
280 340 324 
282 339 324 
283 340 324 
282 340 324 
281 340 323 
280 339 323 
278 339 323 
280 339 324 
280 340 324 
282 339 324 
282 340 324 
283 339 324 
283 340 324 
282 339 323 
282 339 324 
280 339 323 
279 339 323 
280 339 323 
279 339 323 
280 339 323 
281 339 324 
282 339 324 
284 339 324 
282 339 323 
281 339 323 
279 339 323 
279 339 323 
280 339 323 
280 339 323 
282 338 323 
282 338 324 
283 339 324 
282 338 324 
281 338 323 
279 338 323 
278 338 323 
279 338 323 
282 338 323 
283 338 324 
283 338 323 
281 338 323 
279 338 323 
278 338 323 
281 338 323 
280 338 324 
283 338 324 
282 338 323 
281 338 323 
280 338 323 
278 338 323 
280 338 323 
283 338 323 
283 338 323 
284 338 323 
281 338 323 
279 338 323 
278 338 323 
279 337 323 
280 338 323 
282 338 323 
283 338 323 
283 338 323 
281 338 323 
279 338 323 
278 338 323 
278 337 323 
280 337 323 
281 337 323 
282 338 324 
284 337 323 
282 337 323 
281 337 323 
279 337 323 
278 336 323 
280 337 323 
280 337 323 
282 336 323 
283 337 324 
282 336 323 
281 336 323 
280 336 323 
278 336 323 
280 336 323 
278 336 323 
282 336 323 
283 336 323 
281 336 323 
280 336 323 
279 336 323 
280 336 323 
280 336 323 
282 336 323 
283 336 323 
282 336 323 
281 336 323 
279 336 323 
278 336 323 
279 337 323 
282 337 323 
283 337 323 
282 337 323 
281 337 323 
279 337 323 
279 337 323 
280 337 323 
282 337 323 
283 337 323 
281 337 323 
279 337 323 
278 337 323 
279 337 323 
280 337 323 
282 337 323 
282 337 323 
281 337 323 
279 337 323 
275 337 323 
280 337 323 
283 337 323 
283 336 323 
283 336 323 
282 336 323 
281 336 323 
278 336 323 
279 336 323 
279 336 323 
280 336 323 
282 336 323 
282 336 323 
283 336 323 
282 336 323 
279 336 323 
278 336 323 
278 336 323 
280 336 323 
282 336 323 
283 336 323 
283 336 323 
281 336 323 
279 336 323 
278 336 323 
280 336 323 
282 336 323 
283 336 323 
282 336 323 
280 336 323 
278 336 323 
279 336 323 
280 336 323 
282 336 323 
283 336 323 
284 335 323 
281 335 323 
279 335 323 
278 335 323 
281 336 323 
282 336 323 
283 335 323 
281 335 323 
279 336 322 
278 336 322 
279 336 323 
282 336 323 
282 336 323 
283 336 322 
279 336 322 
278 336 322 
280 336 323 
282 336 323 
282 336 323 
