299 342 322 
300 340 322 
299 342 322 
300 343 322 
300 340 322 
300 339 322 
299 337 322 
298 335 321 
297 335 322 
298 338 322 
298 339 322 
299 342 322 
300 341 322 
299 342 322 
300 342 322 
299 340 322 
300 339 322 
299 338 322 
300 336 322 
299 335 322 
316 338 322 
290 333 322 
296 335 322 
299 338 322 
301 341 322 
301 342 322 
301 343 322 
300 340 322 
301 340 322 
299 337 322 
299 336 321 
298 337 321 
297 335 322 
298 339 321 
298 340 322 
299 342 322 
299 343 322 
301 344 321 
300 345 322 
300 344 321 
299 341 321 
299 341 321 
297 339 321 
297 340 321 
296 337 320 
297 338 321 
298 341 320 
298 345 320 
298 346 321 
301 346 320 
299 343 320 
299 343 320 
298 342 319 
296 341 320 
297 342 319 
298 344 320 
305 348 320 
282 342 318 
296 349 319 
300 350 320 
301 347 319 
297 346 319 
295 343 319 
297 343 319 
296 344 319 
294 345 319 
305 350 320 
273 346 319 
298 349 319 
301 346 319 
300 343 319 
300 343 319 
297 342 319 
296 343 319 
300 345 319 
298 345 320 
299 347 320 
300 349 320 
300 348 320 
299 346 320 
297 344 320 
297 341 319 
298 342 320 
295 339 319 
296 340 320 
298 343 320 
297 343 320 
298 346 320 
299 346 320 
297 346 320 
301 348 320 
300 348 320 
299 344 320 
299 343 320 
298 341 320 
298 340 320 
295 340 320 
297 343 320 
297 345 320 
300 346 320 
300 346 321 
300 344 320 
298 342 321 
299 342 320 
299 340 320 
297 339 320 
296 339 321 
297 338 321 
297 338 321 
296 337 321 
297 340 321 
297 340 321 
298 341 321 
298 342 321 
298 343 322 
300 343 322 
300 344 322 
300 341 322 
300 341 321 
299 339 322 
297 337 321 
298 336 321 
296 335 321 
294 335 321 
298 338 322 
298 339 322 
299 341 322 
300 342 322 
300 342 322 
299 339 322 
299 338 322 
298 335 322 
297 334 322 
297 334 322 
297 336 322 
298 337 322 
299 340 323 
299 339 322 
300 340 323 
300 338 323 
300 338 323 
297 335 323 
298 334 322 
298 333 322 
296 333 322 
297 333 323 
298 335 323 
297 336 323 
299 338 323 
299 338 323 
300 339 323 
300 339 323 
299 339 323 
300 337 323 
299 336 323 
299 335 323 
298 332 323 
299 332 323 
297 332 323 
295 330 323 
297 333 323 
298 335 323 
298 337 324 
300 338 324 
300 336 323 
299 334 324 
298 331 323 
298 330 324 
297 330 324 
297 332 324 
299 335 324 
299 336 324 
300 337 324 
301 335 324 
300 334 324 
299 332 324 
298 330 324 
299 331 324 
295 329 324 
298 329 324 
297 329 324 
297 328 324 
298 331 324 
297 331 324 
298 332 324 
299 335 325 
298 334 324 
300 335 325 
300 335 325 
300 334 325 
299 333 324 
299 330 324 
298 330 324 
299 327 324 
297 327 324 
297 330 325 
298 331 325 
299 334 325 
299 333 325 
301 335 325 
