331 355 357 
331 355 357 
331 357 357 
333 360 357 
333 361 358 
334 362 358 
334 360 358 
334 360 357 
333 358 357 
332 356 357 
331 355 357 
331 355 357 
331 357 357 
331 357 357 
332 360 357 
333 360 358 
334 362 358 
334 361 358 
334 360 357 
334 359 357 
334 358 357 
334 356 357 
332 355 357 
331 355 357 
331 354 357 
330 354 357 
331 356 357 
331 357 357 
331 357 357 
332 360 358 
333 360 357 
334 361 358 
335 361 357 
334 359 357 
333 358 357 
334 357 357 
332 355 357 
331 354 357 
330 354 357 
330 356 357 
331 357 357 
333 360 358 
334 361 357 
334 359 357 
333 358 357 
331 355 357 
331 354 357 
330 354 357 
330 356 357 
331 357 357 
333 360 357 
333 360 357 
334 361 357 
334 360 357 
333 358 357 
331 355 357 
331 354 357 
331 354 357 
331 356 357 
332 359 357 
333 359 357 
334 361 357 
334 359 357 
333 357 357 
332 355 357 
331 354 357 
330 353 357 
330 356 357 
331 358 357 
332 359 357 
334 361 357 
333 359 357 
333 357 357 
331 354 357 
330 353 357 
330 353 357 
330 355 357 
331 357 357 
332 359 357 
332 360 357 
333 360 357 
334 361 357 
333 359 357 
333 358 357 
332 356 357 
331 354 357 
330 353 357 
330 353 357 
330 355 357 
331 357 357 
332 359 357 
333 360 357 
333 357 357 
331 354 357 
329 353 357 
330 355 357 
331 359 357 
333 360 357 
333 360 357 
333 358 357 
331 354 357 
330 353 357 
329 352 357 
330 355 357 
331 358 357 
332 359 357 
333 360 357 
333 360 357 
333 357 357 
332 356 357 
331 354 357 
331 354 357 
329 353 356 
329 352 357 
329 355 357 
331 356 357 
331 359 357 
331 359 357 
332 360 357 
333 360 357 
332 359 357 
333 357 357 
331 354 356 
330 354 356 
329 353 356 
328 354 356 
328 355 356 
330 356 356 
330 357 357 
331 359 357 
331 359 357 
332 359 356 
331 359 357 
332 359 357 
332 360 357 
332 360 357 
333 360 357 
333 359 356 
332 358 356 
332 358 356 
331 356 356 
331 355 356 
331 354 356 
330 354 356 
330 355 356 
327 353 356 
329 353 356 
328 354 356 
329 353 356 
329 355 356 
329 356 356 
329 356 356 
329 357 356 
330 359 356 
331 360 356 
332 360 356 
332 361 356 
333 361 356 
333 361 356 
332 360 356 
332 359 356 
331 357 356 
330 355 355 
331 355 355 
329 354 355 
328 354 355 
328 354 355 
329 355 355 
329 356 355 
329 357 355 
330 360 356 
331 360 355 
331 361 356 
332 361 356 
333 362 356 
332 360 355 
331 358 355 
330 356 355 
330 355 355 
329 355 355 
329 354 355 
328 354 355 
328 354 355 
329 356 355 
329 357 355 
330 360 355 
331 360 355 
332 362 355 
332 361 355 
331 359 355 
330 356 355 
329 355 355 
328 354 355 
328 354 355 
328 357 355 
329 358 355 
330 360 355 
330 360 355 
331 361 355 
332 361 355 
