336 432 401 
337 434 401 
338 435 402 
338 435 402 
339 436 402 
339 436 402 
339 434 401 
339 433 401 
338 432 401 
338 431 401 
337 429 401 
336 429 401 
336 429 401 
335 429 401 
335 428 401 
335 428 401 
335 427 401 
335 430 401 
336 431 401 
336 433 402 
338 434 401 
339 435 402 
339 435 402 
339 433 401 
338 432 401 
337 429 401 
336 429 401 
336 428 401 
335 429 401 
336 430 401 
336 432 401 
338 434 401 
338 435 401 
339 435 401 
339 435 402 
339 433 401 
336 432 401 
338 431 401 
338 431 401 
337 428 401 
336 428 401 
332 427 401 
335 427 401 
335 427 401 
335 429 401 
336 431 401 
337 433 401 
338 433 401 
339 435 401 
339 434 401 
341 434 401 
339 432 401 
338 432 401 
338 431 401 
338 431 401 
337 429 401 
337 428 401 
336 427 401 
336 428 401 
336 428 400 
336 427 401 
336 426 401 
335 427 401 
335 427 401 
335 426 401 
335 428 401 
335 428 401 
335 428 401 
335 429 401 
335 429 401 
336 430 401 
336 430 401 
337 433 401 
337 433 401 
338 433 401 
339 434 401 
339 434 401 
340 434 401 
339 432 401 
339 432 401 
338 431 400 
338 431 401 
338 431 401 
339 430 400 
338 430 401 
338 430 400 
337 428 400 
336 427 400 
336 427 400 
336 426 400 
335 426 400 
335 426 400 
335 426 400 
335 428 400 
336 429 400 
336 430 401 
337 432 401 
337 432 401 
334 432 401 
338 434 401 
339 433 401 
339 433 401 
339 434 401 
339 432 401 
339 432 400 
338 431 400 
338 430 400 
338 429 400 
337 427 400 
336 427 400 
336 427 400 
335 426 400 
335 425 400 
335 426 400 
335 427 400 
335 427 400 
335 428 400 
335 428 400 
335 429 400 
336 429 400 
336 430 400 
336 432 400 
337 432 400 
338 432 400 
339 433 400 
340 433 400 
339 433 400 
339 432 400 
339 431 400 
338 430 400 
338 430 400 
337 427 400 
336 426 400 
336 426 400 
335 425 400 
335 425 400 
335 427 400 
335 428 400 
336 430 400 
337 432 400 
338 432 400 
338 433 400 
339 433 400 
339 433 400 
339 432 400 
338 430 400 
338 429 400 
337 427 400 
335 426 399 
335 425 399 
335 425 399 
334 425 399 
334 427 399 
335 428 400 
336 429 400 
337 431 400 
337 432 400 
337 432 400 
338 432 400 
339 433 400 
339 432 400 
339 432 400 
338 430 399 
338 429 399 
337 427 399 
336 425 399 
336 427 399 
336 426 399 
335 425 399 
335 425 399 
334 425 399 
335 425 399 
334 425 399 
334 426 399 
334 425 399 
335 427 399 
335 427 399 
335 427 399 
335 428 399 
335 429 399 
336 429 399 
335 430 399 
336 431 399 
336 432 399 
335 432 399 
337 432 399 
337 432 399 
338 432 399 
338 433 399 
338 433 399 
339 433 399 
339 431 399 
338 431 399 
338 430 399 
337 429 399 
337 427 399 
336 426 398 
336 426 398 
333 425 398 
334 425 398 
