276 205 313 
278 211 314 
281 375 318 
281 543 322 
282 702 326 
280 704 326 
280 667 325 
278 565 322 
278 470 320 
278 409 319 
277 310 317 
277 293 316 
277 229 315 
277 168 313 
278 175 313 
278 196 314 
278 194 314 
278 191 313 
278 209 314 
278 223 314 
279 251 315 
280 302 316 
280 369 317 
281 387 318 
280 420 319 
281 477 321 
281 572 323 
281 621 324 
282 719 326 
294 856 331 
279 736 328 
282 742 328 
282 718 328 
281 708 328 
281 698 327 
281 706 328 
280 664 327 
281 655 327 
280 633 327 
280 605 326 
279 545 325 
279 507 324 
279 447 323 
278 398 322 
277 333 320 
278 281 319 
278 248 318 
278 203 317 
278 191 317 
279 204 317 
279 241 318 
280 304 320 
281 380 321 
281 421 322 
281 469 323 
282 535 325 
282 585 326 
282 644 328 
282 696 330 
282 708 330 
281 685 329 
281 671 330 
281 688 330 
281 669 330 
281 659 329 
283 660 330 
279 637 330 
283 625 330 
283 606 330 
283 626 331 
283 649 331 
283 635 331 
283 657 332 
283 687 333 
282 674 332 
283 653 332 
283 639 332 
283 621 332 
282 588 331 
283 612 332 
283 580 332 
283 573 332 
283 609 333 
283 614 333 
283 645 334 
283 639 334 
284 606 333 
283 623 334 
283 639 334 
283 652 335 
283 625 335 
284 644 335 
283 660 336 
283 646 336 
283 616 335 
283 619 335 
284 607 335 
283 586 335 
283 590 335 
283 579 335 
283 578 335 
283 577 335 
283 574 335 
283 596 336 
283 596 336 
283 630 337 
283 651 338 
284 701 339 
283 686 338 
282 709 339 
282 693 339 
282 666 338 
281 595 337 
280 539 335 
280 498 335 
280 466 334 
280 432 333 
279 359 331 
279 388 332 
279 344 331 
280 313 330 
279 236 328 
279 165 326 
280 196 327 
280 182 327 
281 253 328 
284 371 331 
283 481 334 
283 429 333 
284 471 334 
283 503 335 
283 538 336 
284 618 338 
284 671 339 
284 569 337 
285 604 338 
284 572 337 
285 601 338 
284 543 337 
284 543 337 
284 548 337 
284 557 337 
284 559 338 
283 583 338 
283 486 336 
283 506 336 
282 456 335 
282 435 334 
281 342 332 
281 316 332 
281 317 332 
280 271 330 
280 234 329 
280 206 329 
280 203 329 
281 265 330 
281 264 330 
281 338 332 
282 371 333 
282 423 334 
283 482 335 
283 508 336 
284 544 337 
284 544 337 
284 530 337 
283 491 336 
283 457 335 
282 394 333 
281 315 331 
281 280 331 
280 263 330 
281 246 330 
280 251 330 
280 237 329 
280 273 330 
281 320 331 
282 369 332 
282 392 333 
283 423 334 
281 487 335 
283 512 336 
285 555 337 
285 571 338 
285 549 337 
285 563 338 
285 520 337 
284 517 337 
283 500 336 
283 420 334 
281 322 332 
281 263 331 
281 241 330 
280 236 330 
282 318 332 
283 385 333 
285 500 336 
284 554 338 
285 551 338 
284 544 337 
283 477 336 
