312 400 359 
316 402 359 
316 402 359 
317 401 359 
317 402 359 
316 400 358 
316 400 358 
316 400 358 
315 399 358 
315 399 358 
315 397 358 
314 396 358 
314 397 358 
314 396 358 
314 396 358 
314 396 358 
314 396 358 
314 396 358 
314 396 358 
314 396 358 
313 396 357 
313 395 358 
312 395 358 
312 395 358 
312 397 358 
312 397 358 
312 398 358 
313 399 358 
314 401 358 
314 401 358 
314 401 358 
316 401 358 
316 401 358 
315 403 358 
316 403 358 
315 402 358 
316 402 358 
316 403 358 
316 403 358 
316 403 358 
316 402 358 
317 402 358 
317 402 358 
317 403 358 
316 400 358 
316 401 358 
316 400 358 
316 400 358 
316 399 358 
315 398 358 
315 397 358 
314 395 358 
313 395 358 
313 395 358 
309 393 358 
312 394 358 
313 394 358 
312 394 358 
312 393 358 
312 395 358 
312 395 358 
312 395 358 
312 396 358 
312 396 358 
313 397 358 
314 399 358 
314 400 358 
315 400 358 
316 399 359 
316 401 358 
316 400 359 
316 400 359 
316 400 359 
316 399 359 
316 398 359 
315 397 358 
315 395 358 
313 393 358 
312 392 358 
312 392 358 
311 393 358 
312 395 359 
313 396 359 
314 398 359 
315 399 359 
316 400 359 
316 400 359 
316 400 359 
316 398 359 
316 397 359 
315 396 359 
314 393 358 
313 392 358 
313 392 358 
312 392 358 
313 391 358 
312 392 358 
311 393 359 
312 394 359 
312 394 359 
313 395 359 
314 398 359 
315 398 359 
315 398 359 
316 399 359 
316 399 359 
316 397 359 
315 396 359 
315 394 359 
313 392 358 
312 390 358 
312 391 358 
312 393 359 
312 393 359 
313 394 359 
314 397 359 
314 397 359 
315 398 359 
316 398 359 
316 396 359 
316 396 359 
315 393 359 
313 392 358 
312 390 358 
311 391 359 
312 393 359 
313 396 359 
315 397 359 
315 398 359 
316 398 359 
313 397 359 
315 396 359 
315 394 359 
314 392 358 
312 391 358 
312 391 358 
311 393 358 
312 394 358 
313 395 358 
315 398 359 
316 399 359 
316 398 359 
316 397 359 
315 396 358 
314 392 358 
313 392 358 
311 391 358 
312 393 358 
312 395 358 
314 398 359 
316 399 358 
317 397 358 
315 395 358 
312 392 358 
311 391 358 
311 393 358 
312 394 358 
314 398 358 
314 398 358 
315 398 358 
315 397 358 
315 396 358 
313 392 358 
312 391 358 
311 391 358 
311 394 358 
313 397 358 
314 398 358 
316 399 358 
315 396 358 
313 392 358 
312 391 358 
311 391 358 
312 394 358 
314 398 358 
315 399 358 
316 399 358 
315 397 358 
313 395 358 
313 392 358 
312 391 357 
311 391 358 
312 393 358 
312 394 358 
314 397 358 
314 398 358 
316 399 358 
316 397 358 
314 395 358 
313 392 357 
311 391 357 
312 394 358 
314 398 358 
315 399 358 
316 399 358 
315 396 358 
313 392 357 
311 391 357 
311 391 357 
312 394 358 
