331 407 380 
331 407 380 
332 407 380 
332 406 380 
331 405 380 
331 404 380 
330 404 380 
329 401 380 
328 400 379 
328 401 379 
327 399 380 
327 400 379 
327 401 380 
328 402 380 
328 403 380 
329 406 380 
330 407 380 
330 406 380 
331 407 380 
332 407 380 
331 405 380 
331 404 380 
330 403 380 
329 400 380 
329 400 380 
328 399 379 
329 399 380 
327 399 379 
328 401 380 
328 401 380 
328 402 380 
328 403 380 
329 405 380 
330 406 380 
330 407 380 
332 407 380 
332 407 380 
332 406 380 
329 405 380 
331 405 380 
331 404 380 
331 404 380 
331 403 380 
329 402 380 
329 400 379 
329 400 379 
328 400 379 
328 399 379 
327 399 379 
327 399 379 
327 400 379 
327 401 379 
327 401 379 
328 401 379 
327 401 379 
328 402 380 
328 402 379 
328 401 379 
327 401 379 
327 401 379 
327 401 379 
327 400 379 
327 401 379 
327 400 379 
328 401 379 
328 401 379 
328 401 379 
328 401 379 
328 402 379 
328 402 379 
328 402 379 
328 403 379 
329 404 380 
329 404 379 
329 405 379 
329 405 379 
330 405 379 
330 405 379 
330 405 379 
332 406 379 
331 406 379 
331 406 379 
331 406 379 
331 404 379 
331 404 379 
330 402 379 
329 400 379 
328 399 378 
328 399 379 
327 398 379 
326 398 378 
327 400 379 
328 401 379 
328 402 379 
328 402 379 
329 404 379 
330 405 379 
330 405 379 
331 406 379 
331 407 379 
331 406 379 
332 407 379 
331 404 379 
331 404 379 
330 403 379 
330 402 378 
329 400 378 
329 399 378 
328 400 378 
328 400 378 
328 399 378 
327 398 378 
327 399 378 
326 398 378 
327 400 378 
327 401 378 
327 402 378 
329 404 378 
330 405 378 
330 406 379 
332 406 378 
331 404 378 
330 403 378 
329 400 378 
328 400 378 
327 399 378 
327 398 378 
327 399 378 
327 400 378 
327 400 378 
327 401 378 
328 402 378 
329 405 378 
330 405 378 
331 406 378 
331 405 378 
330 403 378 
330 400 378 
328 399 378 
327 399 378 
327 400 378 
328 403 378 
329 405 378 
332 406 378 
331 406 378 
331 404 378 
330 404 378 
330 402 378 
329 400 378 
328 400 377 
328 399 377 
327 399 377 
327 399 377 
327 400 377 
327 401 378 
327 401 378 
328 402 378 
329 405 378 
329 405 378 
330 406 378 
331 407 378 
331 404 377 
330 402 377 
329 400 377 
327 398 377 
327 399 377 
327 400 377 
327 401 377 
327 403 377 
329 405 377 
329 405 378 
329 405 378 
330 406 378 
330 406 377 
330 404 377 
330 404 377 
329 402 377 
328 399 377 
327 399 377 
326 398 377 
326 398 377 
327 400 377 
328 402 377 
329 405 378 
330 405 378 
331 406 378 
330 404 377 
330 403 377 
328 400 377 
327 400 377 
326 398 377 
326 400 377 
328 402 377 
329 405 377 
331 406 377 
330 404 377 
329 402 377 
327 399 377 
326 398 377 
326 400 377 
