290 546 344 
289 550 343 
287 282 337 
286 173 334 
289 386 340 
291 583 345 
289 470 342 
286 208 335 
288 243 336 
288 480 342 
290 599 345 
287 360 339 
286 157 334 
287 241 336 
290 484 342 
289 572 344 
287 362 339 
286 162 334 
288 255 336 
291 541 343 
288 563 344 
287 253 336 
287 172 335 
290 394 340 
291 619 345 
289 475 341 
286 194 335 
287 244 336 
290 508 343 
290 589 344 
287 306 337 
287 155 334 
290 426 341 
291 580 345 
287 412 340 
287 171 334 
288 277 337 
291 549 344 
290 535 343 
288 243 336 
287 206 335 
290 412 340 
291 586 344 
289 433 340 
284 181 335 
288 252 336 
290 520 343 
290 545 343 
287 312 338 
286 176 335 
289 344 339 
291 574 344 
289 512 343 
286 257 336 
287 254 337 
290 483 342 
291 560 344 
288 433 341 
286 219 336 
289 252 336 
290 507 343 
290 568 344 
287 448 341 
286 234 336 
287 251 337 
290 475 342 
291 538 344 
289 485 342 
286 200 335 
288 280 337 
290 490 343 
291 632 346 
287 470 341 
286 185 335 
287 338 339 
290 534 344 
289 562 344 
287 403 340 
286 199 336 
288 273 337 
290 480 342 
290 559 344 
289 546 344 
288 277 337 
286 350 339 
289 385 340 
292 405 341 
290 381 340 
288 348 339 
286 350 339 
288 385 340 
291 400 341 
289 372 340 
287 342 339 
286 342 339 
289 378 340 
290 396 341 
290 374 340 
287 344 339 
287 348 339 
288 371 340 
289 389 341 
289 379 340 
287 341 339 
286 346 339 
287 382 340 
290 398 341 
289 366 340 
287 348 340 
287 355 340 
288 389 341 
290 399 341 
289 354 340 
287 343 339 
287 370 341 
289 384 341 
289 371 340 
287 338 339 
286 345 340 
289 385 341 
291 379 341 
288 360 340 
287 350 340 
287 370 340 
290 384 341 
289 368 340 
287 352 340 
285 346 340 
292 375 341 
291 391 341 
290 386 341 
288 338 340 
287 347 340 
288 375 340 
290 394 341 
291 374 341 
287 336 339 
288 336 339 
288 369 341 
289 389 341 
291 387 341 
288 346 340 
286 341 340 
288 373 341 
290 397 342 
289 376 341 
287 337 340 
286 337 340 
288 381 341 
290 391 341 
289 386 341 
288 343 340 
286 339 340 
287 351 340 
290 397 342 
290 394 341 
289 361 340 
287 337 340 
286 336 340 
288 382 341 
290 399 342 
289 366 341 
287 336 340 
286 332 340 
288 373 341 
288 385 341 
290 391 341 
289 351 340 
287 334 340 
287 355 340 
288 382 341 
290 390 341 
289 375 341 
288 347 340 
286 334 340 
287 352 340 
289 387 341 
290 390 341 
290 379 341 
288 346 340 
287 336 339 
287 329 340 
289 367 341 
289 396 342 
290 387 341 
290 362 341 
288 334 340 
286 334 339 
287 348 340 
290 395 342 
290 394 341 
289 368 341 
287 333 339 
286 333 339 
288 353 340 
290 397 341 
290 388 341 
289 374 341 
287 328 339 
286 319 339 
