316 640 362 
320 643 363 
320 643 363 
318 638 362 
316 637 362 
317 641 363 
320 645 363 
320 641 363 
317 637 363 
316 637 363 
317 642 364 
320 644 364 
319 641 364 
317 637 364 
316 638 364 
318 643 365 
320 645 365 
319 641 365 
317 637 365 
316 637 365 
317 641 365 
319 644 366 
320 641 365 
317 637 365 
316 636 366 
318 640 366 
319 643 367 
319 641 366 
317 637 366 
316 637 366 
318 643 367 
320 644 367 
319 640 367 
317 637 367 
315 636 367 
317 642 368 
320 644 368 
320 640 368 
318 637 368 
316 635 368 
317 640 368 
320 643 368 
320 641 368 
318 637 368 
316 636 368 
318 640 369 
320 643 369 
320 640 369 
318 637 369 
316 637 369 
319 642 370 
320 643 370 
320 640 370 
318 636 370 
316 635 370 
318 639 370 
319 642 371 
320 643 371 
319 639 370 
317 636 371 
317 639 371 
319 642 371 
320 642 372 
318 636 371 
316 636 371 
318 641 372 
319 642 372 
319 639 372 
317 635 372 
314 638 372 
319 642 373 
320 641 373 
318 636 372 
316 635 372 
318 640 373 
320 643 373 
320 639 373 
318 636 373 
316 634 373 
318 639 374 
320 642 374 
321 641 374 
320 638 374 
317 635 374 
317 636 374 
318 639 374 
320 642 375 
321 641 375 
319 636 375 
317 635 375 
317 637 375 
317 642 376 
324 643 376 
313 638 376 
318 635 375 
317 635 375 
318 638 376 
320 642 376 
322 642 376 
321 639 376 
318 635 376 
317 635 376 
318 639 376 
321 642 377 
322 643 377 
328 640 377 
317 635 377 
316 635 377 
319 639 377 
320 642 378 
322 641 377 
319 635 377 
317 634 377 
318 637 378 
320 641 378 
321 642 378 
320 639 378 
319 635 378 
317 634 378 
318 637 379 
319 641 379 
321 641 379 
321 639 379 
319 635 379 
317 634 379 
317 636 380 
318 638 380 
320 640 380 
321 641 380 
321 638 380 
319 635 380 
318 633 380 
317 634 380 
318 637 380 
320 640 381 
322 641 381 
322 641 381 
321 638 381 
320 634 381 
319 634 381 
318 633 381 
318 636 382 
319 638 382 
320 640 382 
322 640 383 
321 637 382 
319 634 382 
318 633 382 
318 634 383 
319 637 383 
321 640 383 
322 640 383 
321 637 383 
321 635 383 
319 633 383 
317 632 383 
319 637 384 
321 639 384 
322 640 384 
321 635 384 
319 633 384 
318 632 384 
318 635 384 
320 639 385 
322 639 385 
322 639 385 
321 636 385 
320 632 385 
319 631 385 
318 632 385 
319 634 385 
319 636 386 
320 638 386 
321 639 386 
322 639 386 
322 637 386 
321 635 386 
319 632 386 
318 631 386 
319 634 386 
320 638 387 
322 638 387 
322 637 387 
318 635 387 
319 632 387 
318 631 387 
318 631 387 
319 634 387 
321 638 388 
322 638 388 
322 636 387 
321 631 388 
318 630 388 
318 633 388 
320 637 389 
322 638 389 
322 635 388 
321 631 388 
319 630 388 
319 632 389 
