333 384 352 
333 384 352 
330 386 352 
334 387 352 
334 389 353 
335 391 353 
337 392 353 
337 392 353 
336 389 352 
336 388 352 
334 385 352 
334 385 352 
333 384 352 
331 384 352 
334 386 352 
333 387 352 
334 388 353 
336 390 353 
336 390 353 
337 391 353 
337 391 353 
337 389 353 
336 388 353 
334 385 352 
334 383 352 
333 384 352 
334 386 352 
334 388 353 
336 390 353 
337 391 353 
338 390 353 
336 388 353 
335 385 352 
333 383 352 
335 387 353 
337 390 353 
338 392 353 
338 389 352 
336 385 352 
335 384 352 
334 383 352 
335 387 352 
336 390 353 
338 392 353 
338 390 353 
337 388 352 
335 385 352 
334 384 352 
334 386 353 
336 389 353 
337 390 353 
338 392 353 
338 388 352 
335 385 352 
334 384 352 
335 386 352 
336 390 353 
338 391 353 
339 392 353 
338 388 353 
336 385 352 
335 384 352 
335 386 352 
336 387 353 
338 390 353 
339 391 353 
339 390 353 
338 388 352 
336 385 352 
335 384 352 
335 385 352 
337 387 352 
338 390 353 
339 391 353 
339 389 353 
334 385 352 
336 385 352 
335 384 352 
336 385 352 
336 387 353 
338 391 353 
339 392 353 
339 390 353 
338 388 353 
337 385 352 
337 385 352 
336 384 352 
336 385 353 
336 386 353 
337 388 353 
339 390 353 
340 391 353 
341 391 353 
340 389 353 
339 387 353 
338 384 352 
338 383 352 
336 384 352 
336 385 353 
337 387 353 
339 390 353 
340 391 353 
340 390 353 
339 387 353 
338 384 353 
336 383 353 
336 383 353 
334 385 353 
337 387 353 
338 389 353 
339 389 353 
340 390 353 
340 389 353 
339 387 353 
337 384 353 
336 383 352 
334 386 353 
339 389 353 
341 390 353 
341 388 353 
340 385 352 
337 384 353 
336 383 353 
338 386 353 
335 389 353 
339 389 353 
341 390 353 
340 389 353 
340 387 353 
338 384 353 
337 383 352 
337 383 353 
337 385 353 
337 386 353 
339 389 353 
340 390 353 
340 391 353 
342 391 353 
342 388 353 
340 385 353 
339 384 353 
337 383 353 
337 384 353 
338 387 353 
341 390 353 
342 391 353 
341 389 353 
340 387 353 
338 384 353 
337 383 353 
338 385 353 
338 387 353 
340 390 353 
341 391 353 
343 391 353 
341 388 353 
339 384 353 
338 383 353 
338 385 353 
339 387 353 
341 390 353 
342 391 353 
341 388 353 
340 385 353 
339 384 353 
338 383 352 
338 385 353 
338 387 353 
341 389 353 
342 391 353 
342 389 353 
342 388 353 
340 384 353 
338 383 352 
338 383 353 
338 385 353 
339 388 353 
341 389 353 
342 391 353 
343 390 353 
342 388 353 
341 386 353 
340 384 353 
339 383 353 
338 383 353 
338 384 353 
339 386 353 
340 388 353 
342 390 353 
343 391 353 
343 389 353 
342 388 353 
340 384 353 
339 383 353 
338 383 353 
339 386 353 
341 390 353 
343 390 353 
344 390 353 
342 387 353 
