302 341 322 
303 342 322 
305 341 322 
303 341 322 
303 341 322 
302 342 322 
303 342 322 
302 341 322 
302 342 322 
302 342 322 
302 341 322 
302 341 322 
302 341 322 
303 341 322 
302 341 322 
302 340 322 
302 340 322 
303 340 322 
301 340 322 
298 339 322 
301 338 322 
301 338 322 
301 337 322 
300 338 322 
300 338 322 
300 338 322 
300 337 322 
299 336 322 
300 336 322 
300 336 322 
300 336 322 
300 336 322 
300 336 322 
300 337 322 
299 336 322 
300 336 322 
299 336 322 
300 338 322 
300 338 322 
300 339 322 
300 339 322 
299 339 322 
301 340 322 
300 340 323 
301 340 323 
301 342 323 
301 342 323 
301 343 323 
302 343 323 
301 342 323 
302 343 323 
302 343 322 
302 343 323 
302 343 323 
301 343 322 
301 342 322 
301 342 322 
301 340 322 
301 340 322 
300 340 322 
301 341 322 
300 340 322 
301 341 322 
300 340 322 
300 340 322 
300 341 322 
300 341 322 
300 341 322 
301 341 322 
300 341 322 
300 341 322 
300 341 322 
301 342 322 
301 342 322 
301 343 322 
300 342 322 
300 342 322 
301 342 322 
301 342 322 
301 342 322 
301 342 322 
301 342 322 
301 343 322 
301 342 322 
300 342 322 
300 341 322 
300 341 322 
300 341 322 
300 341 322 
300 341 322 
300 341 322 
300 341 322 
300 340 322 
300 341 322 
301 341 322 
301 342 322 
301 343 322 
302 344 322 
302 344 322 
302 344 322 
302 343 322 
301 343 322 
301 341 322 
301 340 322 
300 341 322 
301 341 322 
301 341 322 
300 341 322 
300 341 322 
300 341 322 
300 341 322 
302 341 322 
299 341 322 
301 342 322 
302 344 322 
302 344 322 
302 344 322 
302 344 322 
303 345 322 
302 345 322 
302 344 322 
302 343 322 
302 342 322 
301 341 322 
301 340 322 
300 339 322 
300 339 322 
300 338 321 
300 338 322 
301 338 322 
300 339 322 
300 338 321 
301 338 321 
300 339 322 
300 339 322 
300 338 322 
300 339 322 
301 338 321 
300 339 322 
301 338 322 
300 337 322 
299 337 322 
299 337 322 
299 337 322 
299 337 322 
299 339 322 
299 339 321 
299 339 322 
300 339 322 
300 339 321 
300 339 322 
298 339 322 
299 340 322 
300 340 322 
300 341 322 
301 344 322 
301 343 322 
302 345 322 
302 345 322 
302 345 322 
302 343 322 
302 342 322 
302 342 322 
301 342 322 
301 341 322 
301 338 322 
300 338 322 
301 339 322 
300 339 322 
299 337 322 
299 337 322 
299 337 321 
299 339 322 
301 340 322 
301 344 322 
301 343 322 
302 344 322 
303 343 322 
302 342 322 
301 340 322 
300 338 322 
300 338 322 
299 337 322 
299 337 321 
299 339 322 
299 340 322 
300 342 322 
301 343 322 
302 344 322 
302 344 322 
302 343 322 
301 342 322 
301 340 322 
300 338 322 
300 338 322 
300 337 321 
300 337 322 
299 337 321 
300 338 322 
300 340 322 
