326 398 371 
327 397 371 
325 394 370 
324 393 370 
322 392 370 
322 393 370 
322 394 370 
323 395 371 
324 399 371 
325 399 371 
326 400 371 
326 400 371 
327 399 371 
326 397 371 
324 394 370 
323 393 370 
322 392 370 
322 394 370 
323 396 370 
324 399 371 
326 400 371 
326 398 370 
325 397 370 
323 394 370 
322 392 370 
322 394 370 
323 396 370 
325 399 370 
326 400 370 
326 398 370 
325 396 370 
323 394 370 
322 392 370 
321 394 370 
322 395 370 
324 399 370 
325 399 370 
326 400 370 
327 401 370 
326 398 370 
325 397 370 
324 395 370 
324 394 370 
323 394 370 
322 393 370 
322 393 370 
321 392 370 
322 395 370 
323 396 370 
324 399 370 
325 399 370 
326 400 370 
326 401 370 
325 398 370 
325 396 370 
323 394 369 
323 394 369 
322 393 369 
321 393 369 
322 394 370 
322 396 370 
323 399 370 
324 399 370 
325 400 370 
325 399 370 
324 397 369 
323 394 369 
322 392 369 
321 393 369 
322 396 369 
323 399 369 
324 400 370 
325 400 369 
325 399 369 
324 397 369 
323 394 369 
322 393 369 
321 394 369 
323 397 369 
324 399 370 
325 401 370 
326 401 370 
325 398 369 
324 397 369 
323 394 369 
322 394 369 
321 393 368 
321 393 369 
321 394 369 
321 393 369 
321 393 369 
321 395 369 
321 395 369 
321 395 369 
321 395 369 
321 396 369 
322 396 369 
322 397 369 
322 398 369 
323 399 369 
324 400 369 
325 400 369 
325 401 369 
325 401 369 
325 401 369 
325 401 369 
325 401 369 
325 399 369 
325 399 369 
325 399 369 
324 398 369 
324 397 368 
324 397 369 
323 396 368 
323 395 368 
322 395 368 
322 394 368 
322 394 368 
321 394 368 
320 394 368 
321 396 368 
323 396 368 
322 398 368 
323 400 369 
324 400 369 
324 401 369 
325 401 369 
325 401 369 
326 401 368 
324 400 368 
324 399 368 
324 399 368 
324 398 368 
324 398 368 
323 395 368 
322 395 368 
322 395 368 
322 395 368 
323 395 368 
321 395 368 
321 394 368 
321 394 368 
322 394 367 
320 394 368 
320 393 368 
320 395 368 
320 396 368 
318 396 368 
321 398 368 
321 398 368 
322 400 368 
323 400 368 
323 400 368 
324 401 368 
324 401 368 
325 401 368 
325 401 368 
325 400 368 
324 399 368 
324 398 368 
323 397 368 
322 395 368 
321 395 367 
320 394 367 
320 394 367 
320 393 367 
320 395 367 
320 397 368 
321 398 368 
322 400 368 
323 401 368 
324 401 368 
324 401 368 
324 399 368 
323 398 367 
323 397 367 
322 395 367 
321 395 367 
321 395 367 
320 394 367 
320 394 367 
319 394 367 
319 395 367 
320 396 367 
320 398 367 
321 400 367 
322 401 367 
322 400 367 
323 401 367 
323 401 367 
324 401 367 
323 400 367 
323 399 367 
322 398 367 
322 396 366 
321 395 367 
321 395 367 
320 394 367 
319 394 367 
320 396 367 
