332 411 389 
333 411 389 
332 410 389 
332 410 389 
331 410 389 
331 410 389 
331 410 389 
331 410 389 
331 410 389 
331 410 389 
331 410 389 
331 410 389 
330 410 389 
331 410 389 
331 410 389 
331 410 389 
328 410 389 
332 410 389 
331 410 389 
331 410 389 
331 409 389 
331 409 389 
331 409 389 
331 409 389 
331 410 389 
331 410 389 
331 409 389 
332 410 389 
332 410 389 
332 410 389 
332 410 389 
332 410 389 
331 409 389 
331 409 389 
332 409 389 
331 409 389 
331 408 389 
332 409 389 
331 409 389 
331 409 389 
331 409 389 
331 409 389 
332 409 389 
331 409 389 
332 410 389 
333 410 389 
332 410 389 
332 410 388 
332 410 389 
332 410 389 
333 410 389 
333 410 389 
332 410 389 
333 410 389 
332 409 389 
332 409 389 
333 409 389 
332 409 389 
332 409 389 
332 409 389 
332 410 389 
332 410 388 
332 409 389 
332 409 389 
332 409 389 
332 408 389 
332 408 388 
331 408 389 
331 408 389 
331 408 389 
332 408 389 
330 408 389 
331 408 389 
331 408 389 
331 408 389 
331 408 388 
331 408 388 
331 408 389 
331 409 389 
331 410 389 
331 410 389 
331 409 389 
331 410 389 
329 410 389 
331 410 389 
331 410 389 
331 410 389 
331 410 388 
331 410 388 
331 411 388 
332 411 388 
332 412 389 
332 412 389 
333 414 389 
334 415 389 
333 415 389 
334 415 389 
334 415 389 
334 415 389 
334 415 389 
334 415 389 
334 416 389 
334 415 389 
334 416 389 
334 415 389 
334 415 389 
335 416 389 
336 415 388 
335 416 389 
335 414 388 
335 414 388 
335 413 388 
334 412 388 
335 410 388 
332 409 388 
332 409 388 
331 408 388 
331 408 388 
331 408 388 
331 410 388 
331 410 388 
331 410 388 
331 411 388 
332 412 388 
332 412 388 
332 413 388 
332 414 388 
333 414 388 
333 414 388 
333 415 388 
333 415 388 
334 415 388 
334 415 388 
334 416 388 
334 415 388 
335 416 388 
334 416 388 
335 416 388 
335 416 388 
335 416 388 
335 415 388 
335 416 388 
335 414 388 
335 413 388 
334 412 387 
333 411 387 
332 409 387 
332 409 387 
332 409 387 
331 408 387 
331 408 387 
330 408 387 
330 410 387 
331 411 387 
333 415 387 
333 415 387 
334 416 387 
335 416 387 
335 416 387 
335 415 387 
334 414 387 
334 414 387 
334 414 387 
334 414 387 
335 413 387 
334 413 387 
334 413 387 
334 412 387 
334 412 386 
333 412 387 
333 411 386 
333 410 386 
333 409 386 
332 409 386 
331 409 386 
332 409 386 
331 408 386 
330 408 386 
330 408 386 
330 408 386 
330 410 386 
330 410 386 
331 411 386 
331 412 386 
333 415 386 
334 415 387 
335 416 386 
335 416 387 
334 414 386 
335 412 386 
334 410 386 
332 409 386 
332 409 386 
331 409 386 
331 408 386 
330 408 386 
330 408 386 
330 408 386 
330 409 386 
330 409 386 
