304 355 329 
303 355 329 
303 353 329 
303 354 329 
302 353 329 
303 355 329 
304 356 329 
304 357 330 
311 361 330 
315 361 329 
307 360 330 
304 359 330 
299 357 330 
298 356 330 
304 356 330 
302 355 330 
301 353 330 
300 352 330 
301 353 330 
300 352 330 
300 352 330 
300 353 330 
301 354 330 
301 355 330 
303 357 331 
303 357 331 
304 358 330 
304 358 331 
305 359 331 
304 356 330 
304 355 330 
303 353 330 
303 352 330 
301 351 330 
301 350 330 
301 352 330 
301 353 330 
303 356 331 
303 356 331 
303 357 331 
304 357 331 
304 356 331 
303 355 331 
303 354 331 
302 350 331 
301 351 331 
306 350 330 
241 339 331 
260 343 331 
270 346 331 
276 350 331 
280 350 331 
282 352 331 
284 352 331 
285 350 331 
285 349 331 
285 347 330 
285 347 330 
285 347 330 
287 348 330 
287 349 330 
287 351 331 
289 353 331 
289 352 331 
291 354 331 
291 354 331 
291 354 331 
292 354 331 
291 352 331 
291 351 331 
290 350 331 
290 348 330 
289 348 330 
290 348 330 
289 348 330 
288 347 330 
289 347 330 
288 347 330 
288 348 330 
289 349 330 
289 350 330 
289 351 330 
290 353 331 
291 353 330 
291 354 331 
292 355 330 
292 355 331 
291 353 330 
291 352 330 
291 351 330 
290 349 330 
289 348 330 
289 347 330 
289 347 330 
289 348 330 
289 350 330 
291 353 330 
292 355 330 
293 355 330 
291 352 330 
292 351 330 
289 348 330 
289 347 330 
288 347 330 
289 350 330 
290 352 330 
291 353 330 
290 354 330 
292 352 330 
291 351 330 
287 348 330 
289 346 330 
289 348 330 
289 350 330 
291 352 330 
292 354 330 
292 352 330 
290 348 330 
289 347 330 
289 346 330 
290 349 330 
290 351 330 
291 352 330 
292 354 330 
292 352 330 
292 352 330 
290 348 329 
289 347 329 
289 347 329 
289 348 329 
290 351 330 
291 353 330 
291 353 330 
292 354 330 
292 353 329 
292 352 329 
291 351 329 
290 348 329 
290 348 329 
289 347 329 
290 350 329 
290 351 329 
292 354 329 
292 355 329 
293 355 329 
293 354 329 
292 352 329 
292 350 329 
291 348 329 
291 349 329 
290 348 328 
291 347 328 
290 349 329 
292 350 329 
291 351 329 
292 354 329 
293 355 329 
293 355 329 
294 353 329 
293 352 329 
290 349 328 
291 348 328 
291 350 328 
291 351 328 
293 355 329 
293 355 329 
294 356 329 
294 354 329 
293 352 328 
292 350 328 
291 348 328 
291 348 328 
291 351 328 
289 354 329 
294 356 329 
295 356 329 
293 353 329 
293 351 328 
292 348 328 
291 349 328 
290 347 328 
291 347 328 
290 349 329 
292 350 329 
292 352 329 
293 353 329 
294 354 329 
294 354 330 
294 352 329 
294 351 329 
292 347 329 
292 346 329 
291 345 329 
291 348 329 
293 351 330 
294 352 330 
295 353 330 
294 350 330 
293 347 330 
293 346 330 
