351 566 488 
350 565 488 
348 561 488 
346 559 488 
346 561 488 
347 563 488 
349 566 488 
350 567 488 
350 564 488 
348 560 487 
346 559 488 
346 561 488 
348 565 488 
350 567 488 
350 566 488 
349 563 488 
347 561 488 
346 559 488 
347 562 488 
350 566 488 
351 566 488 
350 564 488 
348 560 488 
346 559 488 
347 559 488 
347 562 488 
349 565 488 
350 566 488 
350 566 488 
350 565 488 
350 563 488 
348 560 488 
347 560 488 
346 559 487 
346 560 488 
347 562 488 
348 565 488 
350 567 488 
350 566 488 
350 565 488 
350 563 488 
348 560 488 
347 559 488 
346 559 488 
346 560 488 
347 561 488 
348 564 488 
350 565 488 
351 566 488 
351 565 488 
350 562 488 
349 559 488 
347 558 488 
347 560 488 
347 561 488 
349 565 488 
350 566 488 
351 566 488 
350 563 488 
349 559 488 
347 560 488 
346 558 488 
347 561 488 
348 563 488 
350 565 488 
352 565 488 
350 562 488 
349 559 488 
346 558 488 
348 561 488 
349 564 488 
350 565 488 
351 565 488 
350 562 488 
347 558 488 
346 558 488 
346 560 488 
348 564 488 
350 565 489 
351 564 488 
350 561 488 
347 559 488 
346 557 488 
347 560 488 
348 564 488 
350 565 488 
350 565 488 
350 562 488 
348 559 488 
346 557 488 
346 557 488 
346 560 488 
349 563 488 
350 565 488 
350 562 488 
348 558 488 
346 557 488 
346 559 488 
348 563 488 
351 564 488 
350 563 488 
350 561 488 
347 558 488 
346 557 488 
346 559 488 
349 563 488 
350 564 488 
350 562 488 
350 558 488 
347 557 488 
346 558 488 
347 560 488 
349 563 488 
351 564 488 
350 561 488 
347 558 488 
346 557 488 
346 559 488 
349 563 488 
351 564 488 
350 561 488 
348 557 488 
346 556 488 
347 559 488 
348 563 488 
350 564 488 
350 562 488 
350 560 488 
347 557 488 
346 556 488 
347 559 488 
349 563 488 
350 564 488 
350 562 488 
348 558 488 
347 556 487 
346 556 488 
347 559 488 
349 563 488 
351 564 488 
351 562 488 
349 558 488 
347 556 488 
347 556 488 
347 559 488 
349 563 488 
350 564 488 
351 562 488 
350 560 488 
348 557 488 
346 556 487 
346 557 488 
348 559 488 
349 562 488 
350 563 488 
351 562 488 
350 560 488 
348 557 488 
347 557 487 
346 556 487 
347 558 488 
347 559 488 
349 562 488 
350 563 488 
350 562 488 
350 559 488 
348 557 488 
346 555 488 
346 558 488 
349 562 488 
351 563 488 
351 561 488 
350 558 488 
347 555 488 
346 556 488 
347 559 488 
349 561 488 
351 563 488 
351 560 488 
348 556 488 
347 555 488 
346 556 488 
348 558 488 
350 562 488 
351 562 488 
350 559 488 
347 556 488 
346 555 487 
347 558 488 
349 561 488 
351 562 488 
350 559 488 
348 556 488 
347 555 488 
346 554 488 
347 558 488 
349 561 488 
350 562 488 
350 560 488 
350 557 487 
