326 681 267 
327 679 267 
325 676 266 
324 675 268 
321 671 267 
322 671 268 
321 671 268 
321 670 268 
320 670 268 
322 669 269 
321 672 269 
321 673 269 
322 673 270 
322 674 270 
322 677 271 
322 677 271 
324 676 271 
323 677 272 
325 677 272 
323 674 272 
323 673 272 
323 671 272 
323 668 272 
322 668 272 
320 669 273 
321 668 273 
319 667 273 
317 667 273 
318 669 274 
320 671 275 
319 671 275 
320 673 275 
321 675 275 
321 674 276 
324 675 276 
325 675 276 
321 675 276 
322 674 277 
322 674 276 
322 672 277 
320 671 277 
321 670 277 
320 669 278 
317 667 278 
320 667 278 
320 666 278 
318 666 278 
323 667 279 
321 668 279 
322 670 280 
321 671 280 
322 671 280 
321 673 281 
320 674 281 
322 674 281 
322 674 281 
315 672 281 
322 674 282 
322 674 282 
323 674 282 
322 673 283 
322 673 283 
323 672 282 
322 671 283 
321 671 283 
321 671 283 
319 671 284 
323 671 284 
323 671 283 
322 671 285 
322 671 285 
322 671 285 
322 671 285 
322 671 285 
322 671 286 
324 671 286 
324 671 286 
323 673 287 
320 672 287 
324 673 288 
317 672 287 
323 672 288 
322 672 288 
321 672 288 
323 672 288 
321 672 288 
315 671 288 
321 671 289 
321 671 289 
323 672 290 
320 671 290 
321 671 290 
315 670 290 
320 671 290 
322 671 291 
317 670 291 
321 671 291 
300 667 291 
319 670 292 
323 671 292 
320 670 292 
323 668 292 
321 668 293 
322 668 293 
324 668 294 
326 669 294 
323 668 294 
319 668 294 
313 666 294 
317 665 294 
318 666 295 
318 665 295 
318 665 295 
317 662 295 
316 661 295 
316 662 295 
316 661 296 
315 661 296 
316 661 296 
315 662 296 
316 664 297 
316 665 297 
316 665 297 
317 665 298 
318 666 298 
318 669 298 
318 669 298 
319 669 299 
320 670 299 
320 670 299 
320 669 299 
321 670 299 
320 668 299 
319 667 299 
319 667 299 
318 667 299 
318 666 299 
317 666 299 
317 663 299 
317 663 299 
316 662 299 
312 663 299 
316 663 299 
314 663 299 
315 665 299 
315 666 299 
315 667 300 
315 667 300 
315 667 300 
315 667 300 
315 667 300 
315 667 300 
315 668 300 
315 668 301 
315 669 301 
315 669 301 
315 669 301 
315 671 301 
316 672 301 
316 672 301 
316 672 301 
317 672 302 
317 672 302 
317 672 302 
317 673 302 
317 674 302 
317 673 302 
318 673 302 
318 673 303 
317 673 302 
318 673 303 
318 674 303 
318 673 303 
318 672 303 
317 671 303 
318 672 303 
317 671 303 
314 671 303 
317 670 303 
317 670 303 
317 670 303 
317 670 303 
316 670 304 
316 669 304 
316 669 304 
316 669 304 
316 669 304 
316 669 304 
315 669 304 
316 668 304 
315 666 304 
314 665 305 
314 666 305 
314 666 305 
313 666 305 
314 664 305 
313 665 305 
312 665 306 
312 665 306 
312 665 306 
