287 534 341 
287 488 340 
285 372 337 
285 282 334 
283 251 333 
285 364 337 
287 495 340 
287 541 341 
287 494 340 
285 414 338 
284 303 335 
283 267 334 
284 252 334 
284 305 335 
284 383 337 
286 485 340 
287 512 341 
287 510 341 
287 444 339 
286 390 338 
284 283 335 
282 267 335 
284 314 336 
285 389 338 
287 496 340 
287 551 342 
287 484 340 
285 375 337 
283 247 334 
284 254 335 
285 380 338 
287 504 341 
288 538 342 
287 452 340 
284 316 336 
283 253 335 
283 241 334 
285 332 337 
287 488 341 
288 547 342 
287 514 341 
286 416 339 
284 276 336 
283 242 335 
285 297 336 
287 420 339 
288 510 341 
288 532 342 
287 442 340 
285 322 336 
284 252 335 
284 227 334 
285 318 337 
286 392 338 
287 493 341 
287 516 342 
288 489 341 
286 414 339 
284 320 336 
285 262 335 
283 266 335 
284 315 337 
285 373 338 
287 472 341 
287 511 342 
288 518 342 
288 529 342 
286 459 340 
285 421 339 
283 306 336 
283 273 336 
282 247 335 
284 298 336 
286 406 339 
287 516 342 
287 518 342 
285 408 339 
284 285 336 
284 249 335 
283 246 335 
284 338 337 
286 473 341 
286 527 342 
287 523 342 
285 443 340 
283 302 336 
282 257 335 
283 254 336 
284 368 338 
286 496 341 
287 546 343 
286 440 340 
284 276 336 
283 231 335 
284 305 337 
286 444 340 
287 549 343 
286 549 343 
285 410 339 
283 245 335 
283 198 334 
285 328 337 
286 534 342 
288 619 345 
285 458 341 
284 264 336 
283 197 334 
284 297 337 
286 471 341 
287 593 344 
287 612 345 
286 532 342 
284 318 337 
283 291 337 
284 345 338 
286 434 341 
287 466 342 
288 480 342 
286 384 339 
284 270 336 
283 228 335 
284 283 337 
285 365 339 
286 479 342 
288 473 341 
286 402 339 
284 271 336 
283 207 335 
284 321 338 
286 465 341 
288 503 342 
287 460 341 
286 389 339 
284 266 336 
283 238 335 
284 295 337 
284 375 339 
286 478 342 
288 500 342 
287 449 341 
285 351 338 
284 259 336 
283 233 335 
285 333 338 
286 442 340 
287 483 342 
287 488 342 
286 419 340 
284 317 337 
284 261 336 
283 256 336 
285 306 337 
285 366 339 
287 476 341 
287 497 342 
287 512 342 
287 474 341 
286 439 341 
285 368 338 
284 273 336 
283 247 335 
283 244 335 
284 295 336 
285 364 338 
286 472 341 
287 513 342 
287 491 342 
287 451 340 
286 398 339 
284 272 336 
283 242 335 
284 252 335 
285 339 337 
288 454 340 
288 507 342 
288 530 342 
287 429 340 
284 322 337 
285 259 335 
283 241 335 
284 262 336 
285 349 338 
287 448 340 
287 491 342 
288 520 342 
288 518 342 
287 461 341 
287 408 339 
285 336 337 
285 270 336 
287 237 335 
285 247 335 
286 358 338 
288 462 340 
289 493 342 
289 496 342 
286 435 340 
286 382 339 
286 284 336 
285 252 335 
