295 335 325 
296 336 325 
297 337 325 
296 338 325 
297 338 325 
297 340 325 
297 341 325 
298 341 325 
298 340 325 
298 342 325 
298 342 325 
299 342 325 
299 342 325 
297 340 325 
298 339 325 
298 338 325 
297 336 325 
297 336 325 
296 334 325 
296 334 325 
296 335 324 
296 335 324 
295 334 324 
296 336 324 
296 337 324 
296 337 325 
296 338 324 
297 338 324 
297 339 324 
298 339 324 
297 339 324 
301 340 325 
303 340 324 
299 339 325 
298 339 325 
298 339 325 
297 339 324 
298 339 324 
297 338 324 
297 339 324 
297 339 324 
297 339 325 
298 341 325 
299 341 325 
298 341 325 
299 341 325 
299 342 325 
299 342 325 
299 343 325 
299 342 325 
299 343 325 
299 343 325 
299 341 325 
299 341 325 
299 341 325 
299 341 325 
299 341 325 
299 340 325 
299 340 325 
299 340 325 
298 340 324 
298 339 324 
298 337 324 
297 336 324 
297 337 324 
296 335 324 
296 335 324 
297 335 324 
297 336 324 
296 335 324 
296 336 324 
296 337 324 
296 338 324 
297 338 325 
297 339 324 
298 341 325 
298 342 325 
298 341 325 
298 342 325 
299 342 325 
299 342 325 
299 343 325 
299 343 324 
299 343 325 
299 343 324 
299 343 324 
299 343 324 
299 343 324 
299 343 324 
299 343 324 
299 343 325 
299 343 324 
299 343 324 
299 344 324 
299 342 324 
299 342 324 
299 341 324 
299 340 324 
299 341 324 
298 340 324 
298 340 324 
298 340 324 
298 340 324 
298 340 324 
298 340 324 
298 340 324 
299 341 324 
299 341 324 
298 340 324 
298 340 324 
298 340 324 
298 339 324 
297 337 324 
299 337 324 
297 336 324 
297 337 324 
297 337 324 
297 337 324 
296 335 323 
296 336 324 
296 335 324 
296 335 324 
296 336 324 
296 335 324 
296 335 324 
296 335 324 
295 335 324 
295 335 324 
296 335 324 
296 335 324 
296 335 324 
296 335 324 
296 336 324 
296 336 324 
294 336 324 
296 336 324 
296 336 324 
296 336 324 
296 335 324 
297 335 324 
296 335 324 
297 336 324 
297 335 324 
296 335 324 
297 336 324 
297 337 324 
297 337 324 
297 337 324 
297 337 324 
297 337 324 
297 337 324 
297 337 324 
297 337 324 
297 337 324 
297 337 324 
297 337 323 
297 337 324 
297 336 324 
296 336 324 
297 336 323 
296 335 323 
296 336 324 
296 336 324 
297 335 324 
296 337 324 
297 338 324 
297 339 324 
298 340 324 
299 342 324 
299 341 324 
296 342 324 
300 342 324 
299 340 324 
299 340 324 
299 339 324 
299 338 324 
296 336 324 
298 336 324 
298 336 324 
298 336 324 
298 335 324 
297 335 324 
297 335 324 
297 335 324 
297 335 324 
298 334 324 
297 336 324 
297 336 324 
297 338 324 
297 337 324 
298 338 324 
298 338 324 
298 338 324 
298 338 324 
298 338 324 
297 338 324 
298 338 324 
298 338 324 
298 338 324 
298 338 324 
