300 338 321 
299 338 321 
299 340 321 
301 344 321 
302 345 321 
303 346 321 
302 342 321 
300 339 321 
299 338 321 
300 339 321 
300 341 321 
301 344 321 
302 345 322 
303 344 322 
302 343 321 
301 342 321 
300 338 321 
299 338 321 
298 337 321 
299 339 321 
300 341 321 
301 343 321 
301 344 322 
301 344 322 
301 342 321 
300 339 321 
300 337 321 
298 337 321 
300 341 321 
301 343 322 
302 344 322 
301 341 321 
300 339 321 
300 337 321 
299 340 321 
301 344 321 
301 344 322 
301 342 321 
299 338 321 
299 337 321 
299 340 321 
301 343 321 
302 345 322 
301 342 321 
299 338 321 
299 337 321 
299 339 321 
299 341 321 
301 343 321 
302 345 321 
301 342 321 
299 339 321 
298 337 321 
299 341 321 
301 344 321 
303 345 321 
301 341 321 
299 339 321 
298 337 321 
300 341 321 
301 343 321 
302 345 321 
301 343 321 
301 341 321 
300 339 321 
298 337 321 
299 339 321 
300 342 321 
299 343 321 
301 344 321 
301 342 321 
300 338 321 
298 337 321 
298 339 321 
299 341 321 
300 343 321 
301 345 321 
301 342 321 
299 338 321 
298 337 321 
300 339 321 
299 341 321 
300 343 321 
301 345 321 
300 342 321 
299 338 321 
299 337 321 
299 338 321 
299 342 321 
301 344 321 
301 343 321 
300 340 321 
299 337 321 
298 339 321 
300 343 321 
301 344 321 
301 343 321 
300 341 321 
299 339 321 
298 337 321 
297 340 321 
301 344 321 
301 345 321 
301 342 321 
298 338 321 
299 338 321 
299 340 321 
301 344 321 
301 345 321 
301 343 321 
300 339 321 
298 338 321 
299 339 321 
299 342 321 
301 344 321 
301 343 321 
299 338 321 
298 337 321 
299 340 321 
299 343 321 
301 345 321 
300 341 321 
299 338 321 
298 337 321 
298 340 321 
300 343 321 
301 344 321 
301 342 321 
299 338 321 
298 337 321 
298 338 321 
299 340 321 
300 343 322 
301 344 321 
301 343 321 
300 340 321 
299 338 321 
298 336 321 
298 338 321 
299 341 321 
301 343 321 
301 344 321 
301 343 321 
300 342 321 
299 339 321 
298 338 321 
297 337 321 
302 341 321 
301 344 321 
302 345 321 
302 344 321 
301 342 321 
299 339 321 
298 338 321 
298 337 321 
299 340 321 
300 344 321 
301 345 321 
301 343 321 
300 341 321 
299 338 321 
299 337 321 
299 340 321 
300 343 321 
301 344 321 
302 345 321 
298 341 321 
299 338 321 
298 337 321 
297 337 321 
299 340 321 
300 342 322 
300 342 322 
301 344 321 
300 341 321 
298 337 321 
298 335 321 
298 337 321 
298 338 321 
298 339 321 
299 341 322 
300 342 321 
301 343 321 
300 341 322 
300 340 321 
299 338 321 
298 337 321 
297 338 321 
298 339 321 
299 342 322 
297 343 322 
300 343 322 
300 341 322 
299 338 321 
294 336 321 
297 336 321 
299 339 321 
298 340 321 
300 343 322 
302 345 322 
