343 388 353 
342 385 353 
340 384 353 
340 385 353 
341 387 353 
343 390 353 
344 391 353 
344 389 353 
344 387 353 
341 384 353 
341 383 353 
341 385 353 
342 387 353 
344 390 353 
345 391 353 
344 388 353 
342 384 353 
342 383 353 
340 384 353 
342 387 353 
343 390 353 
344 391 353 
344 389 353 
343 385 353 
341 384 353 
340 383 353 
341 387 353 
344 390 353 
345 391 353 
345 389 353 
344 388 352 
342 385 353 
341 384 353 
342 386 353 
343 390 353 
344 391 353 
344 389 353 
343 386 353 
342 384 353 
341 385 353 
342 387 353 
344 390 353 
345 392 353 
344 388 353 
343 385 353 
342 384 353 
343 387 353 
345 391 353 
346 392 353 
346 390 353 
344 386 353 
342 385 352 
341 384 353 
342 387 353 
344 391 353 
346 392 353 
345 390 353 
344 388 353 
343 385 353 
341 384 353 
342 387 353 
344 390 353 
345 392 353 
347 392 353 
345 389 353 
343 385 353 
341 384 353 
342 386 353 
343 389 353 
345 392 353 
346 392 353 
345 389 353 
344 385 353 
342 384 353 
343 387 353 
344 391 353 
346 392 353 
346 390 353 
345 388 353 
343 384 353 
341 384 353 
344 388 353 
345 391 353 
347 392 353 
346 388 353 
344 385 353 
342 385 353 
344 388 353 
346 392 354 
347 390 353 
345 388 353 
344 385 353 
342 384 353 
343 387 353 
346 391 353 
347 392 353 
346 390 353 
345 386 353 
344 385 353 
343 386 353 
344 388 353 
346 391 353 
347 392 353 
347 389 353 
344 386 352 
343 385 352 
344 388 353 
345 391 353 
347 392 353 
347 391 353 
346 389 353 
344 386 352 
343 385 352 
344 388 353 
346 391 353 
348 392 353 
346 390 353 
345 386 352 
344 385 352 
343 387 352 
344 389 353 
346 391 353 
347 393 353 
347 391 353 
346 389 353 
345 387 352 
343 385 353 
344 387 353 
344 388 353 
346 392 353 
346 391 353 
347 393 353 
347 391 353 
347 390 353 
347 387 352 
345 386 353 
344 385 353 
344 385 352 
344 387 353 
345 388 353 
346 391 353 
347 391 353 
348 392 353 
348 393 353 
347 390 353 
347 388 353 
346 386 353 
345 385 353 
345 385 352 
345 387 353 
345 387 353 
345 389 353 
346 391 353 
347 391 353 
347 391 353 
348 393 353 
348 393 353 
349 393 353 
348 391 353 
348 390 353 
348 390 353 
347 389 352 
346 386 353 
345 385 352 
345 385 353 
345 387 353 
346 389 353 
348 392 353 
348 392 353 
349 393 353 
348 391 353 
348 389 353 
346 387 353 
345 385 353 
345 386 353 
346 388 353 
346 391 353 
347 391 353 
349 392 353 
349 391 353 
348 390 353 
347 386 353 
346 387 353 
345 385 353 
345 387 353 
346 388 353 
347 391 353 
349 393 353 
350 391 353 
348 389 353 
347 386 353 
346 385 353 
346 387 353 
346 388 353 
348 392 353 
348 392 353 
349 391 353 
348 389 353 
346 386 353 
345 385 353 
