290 420 342 
289 392 341 
287 326 339 
286 324 339 
287 362 340 
289 404 341 
290 466 343 
288 342 339 
286 321 339 
287 339 339 
289 399 341 
290 420 341 
289 393 341 
287 308 338 
286 314 339 
287 341 339 
289 417 341 
289 435 342 
288 364 340 
287 322 338 
285 323 339 
288 380 340 
290 447 342 
289 378 340 
287 320 339 
286 307 338 
286 332 339 
288 406 341 
290 447 342 
289 400 341 
287 345 339 
286 319 338 
286 315 338 
288 372 340 
289 404 341 
290 406 341 
288 339 339 
286 319 339 
286 332 339 
288 385 341 
290 418 342 
289 390 340 
287 320 339 
285 316 338 
286 337 339 
289 417 341 
290 428 341 
289 374 340 
287 315 338 
286 325 339 
288 375 340 
290 416 341 
289 390 340 
287 319 338 
286 317 338 
287 357 339 
289 402 341 
290 410 341 
288 342 339 
286 320 338 
286 333 339 
288 404 341 
290 434 341 
289 381 340 
286 310 338 
285 312 338 
287 375 340 
289 434 341 
288 364 339 
287 319 338 
286 330 339 
289 410 341 
289 425 341 
288 351 339 
286 322 338 
287 335 339 
289 410 341 
289 398 340 
288 357 339 
286 323 338 
285 317 338 
287 379 339 
290 430 341 
287 390 340 
287 321 338 
286 317 338 
286 330 339 
289 411 341 
289 409 341 
288 350 339 
285 313 338 
285 342 339 
289 428 341 
289 435 341 
287 345 339 
286 310 338 
285 320 338 
287 379 340 
290 412 341 
289 394 340 
287 326 338 
286 310 338 
286 327 338 
288 373 339 
288 400 340 
289 422 341 
288 369 339 
286 321 338 
285 318 338 
286 346 339 
288 401 340 
289 397 340 
288 370 339 
286 308 337 
285 308 338 
286 373 339 
288 419 341 
289 384 339 
286 298 337 
285 316 338 
286 359 339 
288 440 341 
289 403 340 
287 330 338 
285 313 338 
286 344 339 
288 406 340 
289 408 340 
288 349 339 
286 318 338 
285 321 338 
288 405 340 
289 401 340 
288 357 339 
285 311 338 
285 308 338 
286 368 339 
288 422 341 
288 377 340 
281 311 338 
285 326 338 
287 437 341 
288 420 341 
287 339 339 
284 301 337 
285 338 338 
288 421 341 
289 416 341 
288 393 340 
286 315 338 
285 315 338 
286 326 338 
288 409 340 
289 431 341 
287 368 339 
285 316 338 
285 318 338 
286 356 339 
289 423 341 
289 415 341 
288 356 339 
285 309 338 
285 303 337 
286 353 339 
288 403 340 
288 407 340 
288 366 339 
286 314 338 
285 309 337 
285 329 338 
286 371 339 
288 395 340 
289 410 341 
287 383 339 
286 320 338 
286 302 337 
285 292 337 
286 343 339 
286 379 340 
288 421 341 
288 437 341 
289 408 340 
286 312 338 
285 297 337 
285 317 338 
286 377 340 
288 421 341 
288 397 340 
285 311 338 
284 307 337 
286 351 339 
288 410 340 
288 399 340 
287 334 338 
285 304 337 
285 328 338 
288 409 340 
289 420 340 
288 358 339 
286 310 337 
