351 520 469 
352 522 469 
353 523 469 
353 523 469 
354 524 469 
354 524 469 
354 521 469 
353 520 469 
352 517 469 
350 516 469 
350 516 469 
350 518 469 
351 519 469 
352 522 469 
354 524 469 
354 523 469 
353 521 469 
354 520 469 
351 516 469 
350 516 468 
350 516 468 
350 518 469 
351 519 469 
353 523 469 
354 524 469 
354 523 469 
354 522 469 
354 520 469 
352 517 469 
351 515 468 
350 516 468 
350 517 469 
351 519 469 
353 522 469 
355 523 469 
355 523 469 
354 520 469 
354 516 469 
352 517 468 
350 515 468 
350 516 469 
350 518 469 
352 521 469 
353 521 469 
354 523 469 
354 522 469 
354 520 469 
352 516 468 
351 516 468 
350 515 468 
350 517 469 
351 518 469 
353 521 469 
355 522 469 
354 520 469 
353 516 468 
351 515 468 
350 515 468 
351 517 468 
352 521 469 
354 522 469 
355 522 469 
354 519 468 
352 515 468 
351 514 468 
350 515 468 
351 517 468 
352 521 468 
354 522 468 
355 522 469 
354 519 468 
352 516 468 
351 515 468 
350 514 468 
350 516 468 
351 518 468 
353 521 468 
354 522 468 
354 520 468 
353 518 468 
352 515 468 
351 515 468 
350 514 468 
350 515 468 
351 517 468 
353 520 469 
354 521 468 
355 521 468 
354 519 468 
353 518 468 
351 514 468 
351 513 468 
350 513 468 
350 516 468 
350 517 468 
352 520 468 
353 521 468 
354 521 468 
354 519 468 
353 517 468 
351 514 468 
350 513 468 
349 512 468 
350 515 468 
351 519 468 
353 520 468 
353 521 468 
354 518 468 
351 514 468 
349 512 467 
349 514 468 
351 516 468 
353 519 468 
353 520 468 
353 517 468 
353 515 468 
351 514 467 
350 513 467 
349 514 468 
350 516 468 
352 519 468 
353 520 468 
354 521 468 
353 518 468 
352 514 467 
350 513 467 
349 513 467 
349 515 468 
351 518 468 
352 519 468 
353 520 468 
353 518 468 
352 516 468 
351 513 467 
349 512 467 
349 514 467 
350 516 468 
352 518 468 
353 520 468 
354 518 468 
352 513 467 
350 512 467 
349 512 467 
350 514 467 
351 518 468 
352 519 468 
354 520 468 
354 519 467 
353 517 467 
353 515 467 
352 513 467 
350 512 467 
350 512 467 
350 514 467 
350 515 467 
353 518 468 
353 519 468 
354 519 467 
354 518 467 
353 516 467 
351 513 467 
350 512 467 
350 513 467 
351 516 467 
352 519 467 
354 520 467 
354 519 467 
354 517 467 
353 516 467 
351 513 466 
350 512 467 
350 513 467 
351 515 467 
352 518 467 
354 520 467 
354 518 467 
353 516 467 
351 513 467 
350 512 466 
350 514 467 
352 518 467 
353 519 467 
354 518 467 
353 516 467 
352 513 466 
349 512 466 
349 513 466 
350 515 466 
352 518 467 
353 519 467 
353 517 467 
352 515 466 
350 512 466 
349 511 466 
348 511 466 
350 514 466 
350 515 466 
352 518 467 
353 519 466 
353 518 466 
