349 393 353 
350 393 353 
350 394 353 
351 394 353 
351 393 353 
350 392 353 
350 391 353 
349 390 353 
348 388 353 
347 387 352 
347 387 353 
346 387 353 
347 390 353 
348 392 353 
350 393 353 
351 395 353 
350 392 353 
350 388 352 
347 387 352 
346 386 352 
347 390 353 
349 394 353 
350 395 353 
350 393 353 
349 391 352 
348 388 352 
346 387 352 
347 389 352 
348 393 353 
349 395 353 
351 395 353 
349 392 352 
347 388 352 
347 387 352 
346 389 352 
348 392 353 
349 394 353 
350 395 353 
350 392 352 
348 389 352 
347 388 352 
346 387 352 
346 389 352 
348 391 353 
349 394 353 
350 395 353 
350 393 352 
349 392 352 
348 389 352 
347 388 352 
346 387 352 
346 387 352 
346 387 352 
346 389 352 
346 390 352 
347 391 352 
348 394 353 
349 394 353 
350 395 353 
350 395 353 
350 394 352 
349 392 352 
349 391 352 
348 388 352 
347 389 352 
346 387 352 
346 388 352 
345 387 352 
345 389 352 
346 390 352 
346 391 352 
346 391 352 
348 394 352 
348 394 353 
348 394 353 
349 395 353 
349 395 352 
349 395 353 
350 393 352 
349 393 352 
349 392 352 
347 390 352 
346 389 352 
347 389 352 
345 388 352 
345 388 352 
345 389 352 
346 391 352 
347 394 352 
348 394 353 
349 395 352 
349 394 352 
348 392 352 
346 389 352 
345 388 352 
344 388 352 
345 391 352 
348 395 352 
349 396 352 
349 396 352 
349 394 352 
348 392 352 
347 390 351 
345 388 351 
344 388 352 
345 392 352 
347 394 352 
348 395 352 
349 396 352 
349 395 352 
347 393 352 
346 390 352 
345 389 351 
345 390 352 
346 393 352 
348 396 352 
349 397 352 
349 395 352 
348 393 352 
347 390 351 
345 389 351 
344 388 351 
345 392 352 
347 395 352 
348 396 352 
349 397 352 
350 397 352 
348 394 352 
348 393 351 
347 390 351 
346 390 351 
345 389 351 
344 389 351 
345 389 351 
344 389 351 
344 388 351 
345 391 351 
345 391 351 
345 391 352 
345 392 352 
345 392 352 
346 393 352 
346 395 352 
347 396 352 
348 396 352 
348 396 352 
348 397 352 
349 397 352 
349 397 352 
348 395 352 
348 394 352 
347 393 352 
346 390 351 
345 390 352 
344 388 351 
344 388 351 
345 391 352 
345 392 352 
346 395 352 
348 395 352 
348 396 352 
349 397 352 
349 393 352 
348 392 352 
346 389 352 
344 388 352 
344 388 352 
344 391 352 
346 393 352 
348 395 352 
348 397 352 
349 396 352 
348 395 352 
348 394 352 
347 393 352 
347 392 352 
347 390 352 
345 390 352 
345 390 351 
345 389 351 
344 389 352 
344 389 351 
344 388 352 
344 391 352 
345 391 352 
345 392 352 
345 393 352 
345 393 352 
346 395 352 
347 396 352 
347 396 352 
347 396 352 
348 397 352 
348 397 352 
349 397 352 
348 395 352 
348 395 352 
347 394 352 
347 393 352 
347 393 352 
