287 326 313 
287 326 313 
289 327 313 
288 327 314 
289 328 313 
288 325 314 
288 324 313 
287 324 313 
287 320 313 
286 321 313 
286 320 313 
285 320 313 
285 321 313 
286 322 313 
286 324 314 
287 326 313 
287 325 314 
288 327 314 
289 327 314 
288 327 314 
288 325 314 
288 324 313 
287 323 313 
287 320 313 
286 321 313 
285 320 313 
285 320 313 
286 321 313 
286 322 313 
287 323 313 
288 326 314 
288 327 314 
289 326 314 
288 325 314 
288 324 314 
287 323 314 
286 320 313 
286 320 313 
285 319 314 
285 319 313 
285 321 314 
286 322 314 
290 323 314 
288 325 314 
288 325 314 
286 326 314 
288 326 314 
288 326 314 
288 324 314 
287 323 314 
287 322 314 
286 320 314 
287 320 314 
286 319 313 
285 318 313 
286 321 314 
286 322 314 
287 324 314 
287 325 314 
288 326 314 
288 326 314 
288 326 314 
288 324 314 
287 323 314 
287 321 314 
286 320 314 
285 319 313 
285 319 313 
284 321 314 
285 323 314 
287 324 314 
287 326 314 
287 323 314 
287 322 314 
286 320 314 
283 319 313 
284 319 313 
284 318 313 
285 320 314 
285 321 314 
286 322 314 
287 324 314 
287 325 314 
287 324 314 
287 325 314 
288 325 314 
288 326 314 
288 324 314 
288 323 314 
287 322 314 
286 319 313 
285 319 314 
285 319 313 
286 320 314 
286 322 314 
287 325 314 
288 326 314 
289 326 314 
288 324 314 
287 322 314 
286 320 313 
286 320 313 
286 319 313 
288 319 314 
285 319 313 
285 319 313 
285 319 313 
285 318 313 
286 321 313 
286 321 313 
286 322 313 
287 322 313 
286 323 313 
287 325 313 
287 325 313 
288 326 314 
288 326 314 
289 327 313 
288 324 313 
287 323 313 
286 320 313 
286 321 313 
286 320 313 
286 319 313 
285 321 313 
286 323 313 
286 323 313 
287 326 313 
285 326 313 
288 326 313 
288 327 314 
288 327 313 
289 327 313 
289 327 313 
289 326 313 
288 325 313 
288 325 313 
290 326 313 
287 325 313 
287 324 313 
287 324 313 
287 323 313 
287 322 313 
287 320 313 
286 321 313 
286 321 313 
286 321 313 
285 320 313 
285 320 313 
285 320 313 
285 320 313 
285 321 313 
285 322 313 
285 322 313 
286 323 313 
286 324 313 
287 326 313 
287 327 313 
287 326 313 
287 326 313 
287 326 313 
288 328 313 
288 327 313 
288 327 313 
288 328 313 
288 326 313 
288 324 313 
287 322 312 
286 322 312 
283 320 312 
298 321 313 
286 323 313 
290 324 313 
288 327 313 
288 327 313 
289 328 313 
289 328 313 
288 326 313 
288 325 313 
288 324 313 
288 323 313 
286 321 312 
286 321 312 
286 321 313 
286 321 312 
286 321 312 
285 321 313 
286 323 313 
286 325 313 
287 327 313 
288 328 313 
288 329 313 
288 330 312 
287 327 312 
287 326 312 
285 324 312 
285 323 311 
285 324 311 
284 324 311 
286 326 311 
