314 664 312 
312 663 312 
311 664 313 
313 667 313 
314 669 313 
315 671 314 
316 672 314 
316 670 314 
316 668 314 
314 664 314 
312 664 314 
320 664 314 
312 664 315 
314 666 315 
314 667 315 
316 668 315 
316 670 316 
316 670 316 
317 670 316 
313 670 317 
322 671 317 
317 667 317 
312 664 316 
315 662 317 
313 662 317 
314 664 317 
317 669 318 
318 669 319 
317 667 318 
317 664 318 
314 661 319 
314 661 319 
314 663 319 
317 667 320 
317 668 320 
317 666 320 
316 663 320 
313 659 320 
314 659 320 
313 662 321 
301 663 321 
315 665 322 
315 663 321 
321 660 322 
314 658 321 
309 661 322 
314 666 323 
315 663 323 
315 660 323 
313 657 323 
322 658 323 
320 662 324 
310 662 324 
317 664 325 
315 659 324 
315 657 325 
313 655 325 
315 660 325 
317 663 326 
317 663 326 
316 659 326 
314 656 326 
313 654 326 
314 659 327 
316 661 327 
317 662 328 
316 659 328 
316 654 328 
312 657 328 
309 653 328 
312 656 329 
315 659 329 
315 660 330 
316 659 330 
315 656 330 
314 653 330 
312 652 330 
311 651 330 
313 655 330 
314 658 331 
315 659 332 
316 658 332 
316 656 332 
315 654 332 
314 652 332 
313 650 332 
312 652 332 
313 654 333 
314 657 333 
315 657 333 
317 657 333 
316 655 334 
315 652 333 
314 650 334 
314 650 334 
313 653 334 
315 655 335 
316 657 335 
317 657 335 
316 653 335 
314 649 335 
314 648 336 
312 651 336 
314 655 336 
316 656 337 
317 656 337 
316 652 337 
315 649 337 
313 648 337 
314 651 337 
315 654 338 
317 655 338 
317 653 338 
316 649 338 
314 647 338 
313 647 338 
314 651 339 
316 653 339 
317 654 340 
317 652 340 
314 647 339 
314 646 340 
313 647 340 
314 650 340 
316 653 341 
318 652 341 
315 647 341 
313 645 341 
314 648 341 
316 652 342 
317 653 342 
318 651 342 
316 649 342 
315 646 342 
313 645 342 
314 648 343 
315 651 343 
317 652 344 
318 651 344 
317 648 343 
315 645 344 
314 644 344 
316 647 344 
316 651 345 
317 652 345 
318 649 345 
316 645 345 
314 644 345 
314 646 345 
316 650 346 
318 651 346 
318 649 346 
315 644 346 
314 643 346 
316 646 347 
317 650 347 
315 650 347 
318 647 347 
315 643 347 
314 642 347 
315 646 348 
318 650 348 
318 648 348 
316 643 348 
314 642 348 
315 645 349 
317 649 349 
318 650 349 
318 646 349 
316 643 349 
314 642 349 
315 646 350 
317 649 350 
318 648 350 
317 644 350 
315 641 350 
315 644 351 
317 648 351 
318 649 351 
318 647 351 
316 641 351 
315 641 351 
315 644 352 
318 648 352 
319 648 352 
318 646 352 
316 642 352 
315 641 352 
316 645 353 
318 649 353 
319 647 353 
317 642 353 
315 640 353 
315 644 354 
317 647 354 
319 648 354 
318 644 354 
316 641 354 
315 640 354 
315 643 354 
