349 495 455 
348 494 455 
348 493 455 
348 496 455 
349 497 455 
350 500 456 
351 500 455 
352 501 456 
352 501 456 
352 500 456 
352 498 456 
352 496 455 
350 494 455 
349 494 455 
349 493 455 
348 494 455 
348 494 455 
349 496 456 
349 497 455 
352 500 456 
352 501 456 
352 501 456 
352 501 456 
352 498 455 
352 497 455 
350 494 455 
350 494 455 
348 493 455 
348 493 455 
348 493 455 
348 495 455 
349 496 455 
349 497 455 
351 499 455 
351 500 455 
352 501 455 
353 501 455 
352 498 455 
351 496 455 
349 494 454 
348 492 455 
349 495 455 
349 496 455 
351 499 455 
352 501 455 
352 500 455 
352 498 455 
352 497 455 
350 494 454 
349 492 454 
348 493 454 
348 493 455 
348 495 455 
350 496 455 
350 499 455 
351 499 455 
352 500 455 
352 500 455 
352 498 455 
351 496 455 
350 493 454 
349 493 454 
348 493 454 
348 494 454 
349 496 455 
350 499 455 
352 500 455 
352 500 455 
349 498 455 
352 496 454 
350 493 454 
350 493 454 
348 492 454 
348 492 454 
349 495 454 
350 496 454 
351 499 454 
352 500 455 
352 500 454 
352 498 454 
352 497 454 
351 493 454 
349 493 454 
348 492 454 
348 491 454 
348 494 454 
349 495 454 
351 498 454 
351 500 454 
353 499 454 
352 498 454 
352 496 454 
351 495 454 
349 492 454 
348 492 454 
348 491 454 
349 494 454 
349 497 454 
351 498 454 
352 499 454 
353 497 454 
352 496 454 
350 492 454 
349 492 454 
349 491 453 
348 493 454 
349 494 454 
350 497 454 
351 498 454 
351 499 454 
352 499 454 
352 496 454 
351 495 454 
349 492 453 
348 491 453 
347 491 454 
347 492 454 
348 494 454 
348 497 454 
349 497 454 
351 498 454 
351 498 454 
350 496 454 
350 494 453 
348 491 453 
347 490 453 
346 491 453 
347 492 453 
348 494 453 
349 497 454 
351 497 454 
351 498 454 
351 497 454 
351 495 453 
349 491 453 
348 491 453 
347 490 453 
347 491 453 
348 493 453 
349 496 454 
351 497 454 
351 497 453 
351 495 453 
351 493 453 
349 491 453 
347 490 453 
347 489 453 
348 492 453 
349 496 453 
351 497 453 
352 498 453 
351 494 453 
348 491 452 
347 489 452 
347 492 453 
348 493 453 
350 496 453 
352 497 453 
351 495 453 
350 493 453 
349 490 452 
348 489 452 
349 491 453 
348 493 453 
350 496 453 
351 497 453 
352 496 453 
351 493 452 
349 490 452 
347 489 452 
347 491 452 
348 493 453 
350 496 453 
352 497 453 
353 495 453 
348 492 452 
348 490 452 
347 489 452 
348 492 452 
348 493 452 
350 496 453 
348 497 453 
351 495 452 
351 493 452 
349 490 452 
348 489 452 
347 489 452 
348 491 452 
349 495 452 
351 495 453 
351 497 452 
351 495 452 
351 493 452 
349 490 452 
347 488 452 
347 490 452 
348 492 452 
350 495 452 
351 496 452 
351 494 452 
