345 483 447 
345 484 447 
345 485 448 
346 488 448 
347 488 448 
348 489 448 
348 489 448 
349 489 448 
348 487 447 
348 486 447 
348 485 447 
346 482 447 
346 482 447 
345 481 447 
345 481 447 
346 484 447 
346 485 447 
348 488 448 
350 489 447 
350 489 448 
349 487 447 
348 485 447 
347 482 447 
346 482 447 
345 480 447 
345 482 447 
345 484 447 
347 487 447 
349 487 447 
349 489 447 
350 488 447 
350 486 447 
349 485 447 
348 482 447 
347 482 447 
346 480 447 
346 480 447 
345 481 447 
346 481 447 
346 483 447 
346 484 447 
347 485 447 
349 487 447 
349 487 447 
351 488 447 
350 488 447 
350 486 447 
350 485 447 
350 484 447 
348 482 447 
347 481 446 
347 481 446 
346 480 446 
346 480 446 
345 480 446 
346 482 447 
346 483 447 
347 486 447 
348 487 447 
349 488 447 
350 488 447 
350 488 447 
349 485 446 
350 485 446 
348 483 446 
347 481 446 
346 481 446 
345 480 446 
345 480 446 
345 481 446 
345 482 446 
346 483 446 
348 487 447 
348 487 447 
349 487 446 
349 488 446 
348 485 446 
348 484 446 
347 480 446 
346 481 446 
345 479 446 
345 479 446 
344 481 446 
344 482 446 
346 485 446 
347 485 446 
348 487 446 
349 487 446 
348 484 446 
348 483 446 
347 480 446 
346 480 446 
344 479 446 
344 479 446 
345 482 446 
346 484 446 
347 485 446 
348 487 446 
349 487 446 
348 484 446 
348 483 446 
346 480 445 
346 479 445 
345 480 445 
345 481 445 
346 483 446 
348 486 446 
348 486 446 
350 487 446 
349 485 446 
349 483 445 
347 480 445 
346 479 445 
345 480 445 
345 481 445 
346 483 445 
348 486 446 
349 487 446 
350 487 445 
349 484 445 
349 483 445 
347 480 445 
346 479 445 
345 479 445 
345 480 445 
346 482 445 
346 483 445 
348 486 445 
349 486 445 
349 487 445 
349 487 445 
349 485 445 
349 483 445 
346 480 445 
345 479 444 
345 479 444 
345 482 444 
348 485 445 
349 485 445 
349 487 445 
349 485 445 
348 483 444 
346 480 444 
344 479 444 
345 480 444 
345 482 444 
348 485 445 
348 486 445 
349 486 445 
348 484 444 
348 482 444 
346 480 444 
345 479 444 
344 478 444 
345 481 444 
346 482 444 
347 485 445 
348 486 444 
349 484 444 
348 483 444 
347 480 444 
345 479 444 
345 479 444 
345 481 444 
346 482 444 
348 485 444 
349 487 444 
349 486 444 
349 485 444 
349 483 444 
347 480 444 
347 480 443 
346 479 443 
345 478 443 
344 478 443 
345 480 443 
346 482 443 
347 485 444 
348 486 444 
349 486 444 
349 485 444 
348 483 444 
348 481 443 
346 479 443 
345 478 443 
345 479 443 
345 480 443 
345 481 444 
347 485 444 
348 486 444 
348 485 444 
349 484 443 
348 482 443 
346 479 443 
345 478 443 
345 478 443 
345 480 443 
345 481 443 
346 484 444 
347 485 444 
