285 385 337 
283 264 334 
282 210 333 
278 215 332 
283 205 332 
283 283 334 
285 357 336 
284 475 339 
286 525 340 
286 495 340 
284 405 337 
283 247 333 
282 208 332 
282 207 332 
284 302 335 
285 451 338 
287 528 340 
285 458 338 
284 317 335 
282 179 331 
283 220 332 
284 308 335 
285 495 339 
286 522 340 
285 470 338 
283 282 334 
281 220 332 
285 224 333 
286 392 337 
287 543 340 
285 477 339 
284 324 335 
282 216 332 
283 235 333 
284 307 335 
285 470 339 
286 515 340 
285 443 338 
283 266 334 
283 203 332 
283 219 332 
285 338 335 
286 488 339 
287 532 340 
285 442 338 
283 317 335 
283 193 332 
283 126 330 
284 225 333 
287 404 337 
287 537 340 
286 495 339 
284 380 336 
283 194 331 
282 142 330 
284 215 332 
286 436 337 
286 536 340 
286 471 338 
283 238 333 
282 140 330 
284 252 333 
286 463 338 
287 544 340 
284 404 336 
283 210 332 
282 125 330 
283 263 333 
285 485 339 
286 541 340 
283 354 335 
282 127 330 
283 230 332 
286 450 337 
287 505 339 
286 331 334 
283 274 333 
284 271 333 
286 450 338 
287 483 338 
286 403 336 
283 257 333 
282 247 332 
284 332 335 
286 469 338 
286 468 338 
283 299 334 
282 247 332 
283 302 334 
286 459 337 
287 502 338 
286 396 336 
283 248 332 
283 234 332 
284 335 334 
286 448 337 
286 460 338 
285 399 336 
283 273 333 
283 253 332 
283 281 333 
284 336 335 
286 457 337 
286 467 338 
285 408 336 
283 267 332 
282 166 330 
283 205 331 
284 302 334 
287 483 338 
287 588 340 
285 486 338 
283 269 332 
282 166 330 
283 193 331 
284 302 334 
286 483 338 
287 554 339 
285 445 337 
283 233 332 
283 185 330 
284 247 332 
286 441 337 
287 526 339 
286 503 338 
285 396 335 
282 237 332 
287 188 330 
287 221 331 
287 318 334 
288 497 338 
290 555 340 
286 441 337 
284 302 333 
283 198 331 
283 191 330 
284 282 333 
286 423 336 
287 521 339 
287 539 339 
285 451 337 
283 332 334 
283 194 330 
283 167 330 
284 247 332 
286 392 335 
287 523 338 
286 525 339 
285 425 336 
283 297 333 
283 198 330 
283 182 330 
284 243 331 
286 342 334 
286 480 337 
287 536 339 
286 493 338 
285 397 335 
283 250 332 
282 205 331 
282 185 330 
284 232 332 
284 299 333 
286 397 335 
286 489 337 
287 530 339 
287 483 337 
285 418 336 
283 288 333 
282 174 330 
281 134 329 
283 239 331 
285 383 335 
286 499 338 
286 519 338 
285 482 338 
285 400 335 
283 236 332 
282 163 330 
282 141 329 
284 215 331 
285 309 333 
286 469 337 
287 541 339 
286 480 337 
283 335 334 
282 161 330 
283 142 329 
285 271 332 
285 444 336 
287 544 339 
285 480 337 
284 354 334 
283 179 330 
282 135 329 
284 242 332 
286 422 336 
287 526 338 
286 500 338 
285 389 335 
