327 624 418 
324 622 418 
323 621 419 
322 620 418 
323 624 419 
325 627 419 
326 627 419 
327 628 419 
327 626 419 
326 625 419 
325 621 419 
324 622 419 
323 621 419 
324 623 419 
325 625 420 
326 627 420 
326 628 420 
327 625 420 
326 623 420 
325 621 420 
323 620 420 
324 622 420 
324 624 420 
326 627 421 
327 628 421 
329 627 421 
326 624 421 
324 620 421 
323 620 420 
324 622 421 
325 624 421 
326 627 421 
327 628 421 
329 628 421 
326 624 421 
328 621 421 
320 619 421 
322 620 421 
326 623 422 
326 627 422 
328 627 422 
327 625 422 
323 621 421 
324 620 421 
324 619 422 
324 623 422 
326 627 423 
326 627 423 
328 627 423 
330 624 423 
329 621 422 
319 619 422 
324 619 423 
325 623 423 
323 626 423 
328 627 424 
328 625 423 
327 622 423 
324 620 423 
323 619 423 
324 622 424 
326 626 424 
328 627 424 
335 628 425 
329 624 424 
327 622 424 
324 619 424 
323 619 424 
323 618 424 
324 622 425 
324 625 425 
328 625 425 
329 627 425 
328 624 425 
328 622 425 
326 619 425 
325 618 425 
324 618 425 
325 622 425 
327 625 426 
328 626 426 
329 626 426 
328 623 426 
326 619 426 
325 619 426 
325 617 425 
325 620 426 
325 622 426 
325 624 427 
329 625 427 
329 624 427 
328 622 427 
326 618 427 
325 617 427 
324 617 427 
325 620 428 
328 624 428 
329 625 428 
329 622 428 
327 618 428 
325 616 428 
324 617 428 
325 620 428 
327 624 428 
328 625 429 
329 624 429 
328 621 429 
327 617 428 
325 616 428 
326 619 429 
328 624 429 
330 625 429 
330 621 429 
327 617 429 
326 616 429 
325 620 429 
327 623 430 
329 624 430 
330 621 429 
327 617 429 
325 617 430 
326 620 430 
328 623 430 
330 623 430 
327 618 430 
325 616 430 
326 619 430 
328 623 431 
330 624 431 
328 620 430 
326 617 430 
325 616 430 
326 620 431 
328 623 431 
330 624 431 
329 621 431 
328 617 431 
325 615 431 
326 616 431 
325 620 431 
328 623 432 
329 624 432 
329 621 431 
327 617 431 
325 616 431 
325 616 431 
327 620 432 
328 623 432 
330 623 432 
329 620 432 
327 617 432 
325 616 432 
325 617 432 
326 620 432 
329 623 433 
330 623 433 
329 620 432 
326 617 432 
328 617 432 
325 619 433 
327 622 433 
331 623 433 
329 621 433 
327 617 432 
325 616 433 
326 619 433 
328 623 434 
330 623 434 
329 620 433 
327 616 433 
326 616 433 
326 619 434 
328 622 434 
330 624 434 
330 620 434 
327 616 434 
326 615 434 
326 618 434 
328 622 435 
330 623 434 
330 622 434 
329 619 434 
326 615 434 
324 616 434 
327 620 434 
329 623 435 
330 624 434 
329 621 434 
327 617 433 
326 617 433 
326 619 433 
326 622 433 
329 625 433 
330 626 432 
329 622 432 
326 619 431 
325 618 431 
325 622 431 
328 626 431 
329 626 431 
