338 440 405 
339 438 405 
338 436 404 
336 433 405 
334 431 405 
335 435 405 
338 438 405 
340 439 405 
338 437 405 
337 432 405 
335 432 404 
335 433 404 
335 435 405 
337 438 405 
338 439 405 
339 438 405 
338 435 405 
336 433 404 
335 432 405 
335 433 405 
337 438 405 
338 439 405 
339 439 405 
338 435 405 
336 432 404 
335 432 404 
335 433 405 
337 438 405 
339 439 405 
339 437 405 
337 433 405 
335 431 404 
335 433 405 
336 436 405 
338 439 405 
339 439 405 
338 435 405 
336 432 404 
335 431 404 
335 433 405 
336 437 405 
338 438 405 
339 438 405 
338 435 404 
336 432 404 
334 431 404 
335 433 404 
336 437 405 
339 438 405 
339 437 405 
338 434 404 
336 432 404 
335 431 404 
335 433 404 
335 437 405 
339 438 405 
339 436 405 
338 434 404 
336 431 404 
335 431 404 
335 432 404 
336 436 405 
338 438 405 
339 436 405 
338 432 404 
335 430 404 
335 432 404 
336 435 404 
338 438 405 
339 436 405 
337 433 404 
335 431 404 
334 430 404 
336 433 404 
338 438 405 
338 436 404 
337 431 404 
335 430 404 
335 431 404 
336 434 404 
338 438 405 
337 436 404 
338 434 404 
336 431 404 
335 430 404 
335 432 404 
337 435 404 
339 437 405 
339 437 404 
339 435 404 
338 434 404 
336 431 404 
335 430 404 
335 430 404 
335 431 404 
336 433 404 
337 436 404 
339 437 404 
339 437 404 
339 435 404 
338 433 404 
336 431 404 
335 430 404 
335 430 404 
336 432 404 
336 435 404 
338 436 404 
339 438 404 
339 436 404 
339 435 404 
337 431 403 
336 431 403 
335 429 404 
336 431 403 
336 433 404 
338 436 404 
339 437 404 
340 437 404 
339 434 403 
337 431 403 
336 429 403 
335 429 403 
336 432 403 
337 435 404 
338 436 404 
340 437 404 
339 434 403 
337 431 403 
335 429 403 
335 431 403 
336 434 403 
338 436 404 
339 437 403 
339 435 403 
338 433 403 
336 431 403 
335 430 403 
335 431 403 
337 435 403 
339 437 403 
340 438 403 
339 434 403 
337 430 403 
336 430 402 
332 429 402 
336 432 403 
336 433 403 
338 436 403 
339 438 403 
339 437 403 
339 436 403 
339 434 403 
338 431 403 
337 431 402 
336 429 402 
335 430 402 
335 431 402 
336 432 402 
336 433 402 
337 434 403 
337 436 403 
339 436 403 
339 437 403 
339 437 403 
340 437 403 
339 435 402 
339 433 402 
337 431 402 
336 430 402 
335 430 402 
335 429 402 
336 432 402 
336 433 402 
338 436 402 
340 437 402 
340 438 402 
339 435 402 
338 432 402 
337 430 402 
336 430 402 
336 431 402 
336 433 402 
337 436 402 
338 435 402 
339 437 402 
339 437 402 
339 435 402 
339 435 402 
339 434 402 
338 433 402 
338 432 402 
337 430 401 
336 430 401 
336 429 402 
335 430 401 
334 429 401 
336 431 402 
336 432 402 
336 433 402 
336 433 402 
