341 448 413 
341 446 413 
340 444 413 
339 440 412 
337 439 412 
338 443 413 
340 446 413 
341 447 413 
341 445 413 
338 441 413 
337 440 412 
338 443 413 
340 446 413 
341 446 413 
339 441 412 
337 439 412 
338 442 413 
341 446 413 
341 446 413 
339 441 412 
337 439 413 
337 442 413 
340 446 413 
341 447 413 
339 441 413 
337 439 412 
338 443 412 
341 447 413 
341 444 413 
338 440 412 
336 440 412 
339 445 413 
341 447 413 
340 443 413 
338 439 412 
337 441 412 
340 445 413 
341 446 413 
339 440 412 
337 439 412 
339 444 413 
342 447 413 
340 443 412 
337 439 412 
338 442 412 
342 446 413 
341 444 413 
338 439 412 
337 441 412 
340 445 413 
341 445 413 
339 440 412 
337 439 412 
338 442 412 
340 445 413 
341 445 412 
339 440 412 
337 438 412 
337 441 412 
340 445 413 
341 446 413 
341 443 412 
338 439 412 
337 441 412 
340 445 412 
341 446 413 
340 443 412 
337 438 412 
338 441 412 
340 445 412 
342 445 412 
339 440 412 
337 439 412 
338 442 412 
341 446 412 
342 444 412 
339 439 412 
337 439 412 
338 441 412 
340 445 412 
341 446 412 
341 443 412 
339 440 411 
337 439 411 
338 441 412 
339 445 412 
341 446 412 
341 444 412 
340 442 412 
338 439 411 
337 439 411 
337 441 411 
339 445 412 
341 446 412 
342 446 412 
341 444 412 
340 442 412 
338 439 411 
337 438 411 
337 438 411 
337 441 411 
338 442 411 
340 445 412 
341 446 412 
342 446 412 
342 444 411 
342 444 411 
341 443 411 
340 440 411 
339 439 411 
339 439 411 
338 439 411 
339 438 411 
338 438 411 
337 438 411 
338 438 411 
337 438 411 
337 439 411 
337 440 411 
338 440 411 
338 440 411 
338 441 411 
338 441 411 
339 442 411 
338 443 411 
339 444 411 
340 445 411 
340 444 411 
340 445 411 
340 444 411 
340 445 411 
341 446 411 
341 446 411 
341 446 411 
341 445 411 
342 444 411 
341 443 410 
342 442 411 
340 439 410 
338 439 410 
338 438 410 
337 438 410 
337 438 410 
337 439 410 
337 441 410 
338 442 410 
339 444 411 
340 445 411 
341 446 410 
341 446 411 
341 444 410 
340 442 410 
339 439 410 
338 439 410 
337 438 410 
336 437 410 
337 439 410 
336 441 410 
339 444 410 
340 444 410 
340 445 410 
342 445 410 
341 444 410 
340 443 410 
340 441 410 
338 439 410 
337 438 410 
337 438 409 
338 439 410 
337 440 410 
338 441 410 
338 443 410 
339 444 410 
340 444 410 
340 445 410 
341 445 410 
341 445 410 
340 443 410 
340 440 409 
339 439 409 
337 437 409 
336 437 409 
337 440 410 
338 441 410 
340 444 410 
340 444 410 
341 445 410 
341 444 410 
340 442 410 
339 439 409 
338 439 409 
337 437 409 
336 438 409 
337 441 409 
339 444 410 
340 445 410 
342 445 410 
340 442 409 
340 440 409 
338 438 409 
