298 336 324 
298 335 324 
298 336 324 
298 335 323 
298 335 324 
298 335 324 
298 335 324 
298 335 324 
298 335 324 
298 335 324 
298 334 323 
298 336 324 
298 336 324 
298 337 324 
298 335 324 
298 335 324 
298 335 324 
298 334 323 
298 335 323 
298 336 323 
298 337 323 
299 337 323 
298 337 323 
298 338 323 
298 337 323 
298 337 323 
299 337 323 
298 335 323 
298 336 323 
298 336 323 
299 336 323 
298 336 323 
299 336 323 
299 336 323 
299 337 323 
299 338 323 
299 337 323 
300 337 323 
299 338 323 
299 338 323 
300 337 323 
297 336 323 
299 336 323 
299 337 323 
300 337 322 
299 337 322 
299 337 322 
299 337 322 
299 337 322 
299 337 323 
299 337 322 
299 337 322 
299 337 322 
299 337 323 
299 337 322 
298 337 322 
299 337 322 
299 337 323 
299 337 322 
299 337 322 
299 337 323 
299 337 322 
301 338 323 
299 338 322 
299 338 323 
299 338 323 
300 338 323 
300 338 323 
300 338 323 
300 338 323 
300 338 322 
299 336 323 
299 337 323 
299 336 322 
299 338 323 
299 339 323 
299 340 323 
300 341 323 
300 342 323 
301 343 323 
301 343 323 
302 343 323 
301 343 323 
301 343 323 
301 344 323 
302 344 323 
302 344 323 
302 344 323 
302 344 323 
302 344 323 
302 345 323 
303 345 323 
302 344 323 
302 343 323 
302 343 323 
302 343 323 
302 342 323 
302 342 322 
301 342 322 
302 342 323 
302 342 323 
301 342 323 
301 341 323 
302 341 322 
301 341 323 
302 341 322 
302 341 323 
302 341 322 
302 341 322 
302 341 322 
302 341 322 
302 342 322 
301 342 322 
302 342 322 
302 341 322 
301 340 322 
301 339 322 
300 338 322 
300 338 322 
299 337 322 
299 337 322 
299 337 322 
299 337 322 
299 337 322 
300 339 322 
300 339 322 
300 340 322 
301 340 322 
300 341 322 
300 340 322 
300 340 322 
300 340 322 
299 340 322 
300 340 323 
301 340 322 
300 340 322 
300 340 322 
299 340 322 
301 341 322 
301 341 322 
300 341 322 
301 341 322 
301 343 322 
305 344 323 
302 344 323 
302 344 323 
301 343 323 
301 343 323 
302 344 323 
302 344 323 
302 344 323 
302 344 323 
302 344 323 
302 345 323 
302 343 322 
303 343 322 
302 342 322 
302 342 322 
301 341 322 
301 341 322 
302 341 322 
302 341 322 
303 341 322 
302 341 322 
301 341 322 
301 341 322 
301 341 322 
302 341 322 
301 341 322 
301 341 322 
301 340 323 
301 339 322 
301 338 322 
301 338 322 
301 338 322 
300 338 322 
301 338 322 
300 338 322 
300 338 322 
300 337 322 
300 337 322 
299 337 322 
300 337 322 
300 337 322 
300 337 322 
299 337 322 
299 337 322 
299 337 322 
300 338 322 
300 338 322 
300 339 322 
301 339 322 
300 339 322 
300 339 322 
300 340 322 
300 340 322 
300 340 322 
300 340 322 
301 340 323 
300 340 322 
