338 440 409 
339 443 409 
340 444 409 
340 441 409 
338 437 408 
337 436 408 
334 439 408 
339 442 409 
341 444 409 
341 442 409 
340 440 408 
338 437 408 
336 436 408 
337 438 408 
337 439 408 
340 442 409 
341 443 409 
342 442 409 
340 439 408 
338 437 408 
337 436 408 
337 438 408 
339 442 409 
341 444 409 
342 443 409 
340 440 409 
339 436 408 
337 436 408 
336 435 408 
337 438 408 
339 442 409 
341 443 409 
341 442 409 
340 439 408 
338 437 408 
337 435 408 
337 437 408 
334 439 408 
340 441 409 
341 443 409 
341 441 409 
340 440 408 
338 436 408 
337 435 408 
336 435 408 
337 438 408 
338 441 408 
340 442 409 
340 442 408 
341 440 408 
340 439 408 
339 436 408 
337 435 408 
337 436 408 
337 438 408 
339 441 408 
341 443 408 
341 443 408 
340 440 408 
339 436 408 
338 436 408 
337 435 408 
336 434 408 
337 437 408 
338 441 408 
340 442 408 
341 442 408 
340 439 408 
339 436 407 
337 434 408 
337 435 408 
337 437 408 
337 438 408 
339 441 408 
340 442 408 
341 441 408 
340 439 408 
338 435 407 
337 435 407 
336 434 408 
337 436 408 
338 438 408 
339 441 408 
340 442 408 
342 441 408 
341 440 408 
341 438 408 
338 435 407 
337 434 407 
336 434 407 
337 436 407 
337 437 408 
338 440 408 
339 440 408 
340 442 408 
340 441 408 
340 440 408 
340 439 408 
339 438 407 
338 435 407 
338 435 407 
337 435 407 
337 434 407 
336 434 407 
336 434 407 
337 435 407 
336 436 407 
337 436 407 
337 437 407 
337 438 407 
339 440 407 
339 440 408 
340 442 407 
342 441 407 
341 440 407 
340 439 407 
340 438 407 
338 435 407 
337 433 407 
336 434 407 
336 435 407 
337 436 407 
337 437 407 
338 440 407 
339 440 407 
340 441 407 
341 442 407 
340 439 407 
339 438 407 
338 435 406 
336 433 406 
336 433 406 
337 436 407 
336 440 407 
340 441 407 
340 439 407 
339 437 406 
338 434 406 
336 433 406 
336 435 406 
338 437 406 
339 440 407 
341 441 407 
340 439 407 
338 435 406 
337 433 406 
336 435 406 
337 437 407 
338 440 407 
340 441 407 
341 441 407 
339 438 406 
337 434 406 
336 433 406 
333 436 406 
338 440 407 
339 441 407 
340 439 406 
338 434 406 
336 433 406 
337 435 406 
337 438 406 
339 441 407 
340 441 406 
339 437 406 
337 434 406 
336 433 406 
336 436 406 
338 439 407 
340 441 406 
339 438 406 
337 434 406 
336 433 406 
336 436 406 
335 440 406 
340 441 406 
340 439 406 
338 435 406 
336 433 406 
336 433 406 
336 436 406 
338 440 406 
340 441 406 
340 439 406 
339 437 405 
337 434 405 
336 433 405 
336 435 405 
338 439 406 
339 441 406 
339 438 406 
337 434 405 
335 433 405 
336 436 406 
338 440 406 
341 440 406 
339 438 406 
338 436 405 
337 434 405 
336 433 405 
