350 521 472 
350 524 473 
352 528 473 
354 528 473 
354 529 473 
354 526 473 
352 522 472 
350 521 472 
350 521 472 
350 524 473 
352 527 473 
353 528 473 
354 528 473 
353 526 473 
352 522 472 
351 520 472 
351 521 472 
351 523 473 
352 527 473 
353 528 473 
355 528 473 
352 526 473 
352 522 472 
351 520 472 
350 521 472 
351 523 472 
352 527 473 
354 528 473 
355 527 473 
353 525 473 
352 522 472 
350 521 472 
351 523 472 
353 527 473 
354 528 473 
355 526 472 
352 521 472 
351 520 472 
350 522 472 
352 524 473 
353 527 473 
354 528 473 
354 525 472 
352 521 472 
350 519 472 
351 521 472 
352 524 472 
354 527 473 
355 528 473 
354 525 472 
352 521 472 
350 520 472 
350 522 472 
351 524 472 
353 526 473 
354 527 472 
354 525 472 
352 521 472 
350 520 472 
350 519 472 
350 522 472 
352 526 472 
353 527 472 
354 526 472 
353 524 472 
352 520 472 
350 519 471 
350 521 472 
350 523 472 
352 526 472 
351 527 472 
354 526 472 
353 524 472 
351 520 472 
350 519 472 
349 521 472 
351 522 472 
352 526 472 
355 527 472 
354 527 472 
353 524 472 
352 521 472 
351 520 471 
350 519 471 
350 522 472 
351 523 472 
352 526 472 
354 527 472 
354 525 472 
353 522 471 
351 520 471 
351 519 471 
350 521 471 
351 523 472 
353 526 472 
354 527 472 
354 525 472 
354 523 471 
352 520 471 
350 519 471 
350 520 471 
350 522 471 
352 525 472 
353 527 472 
354 527 472 
354 524 472 
352 520 471 
351 519 471 
350 519 471 
350 521 471 
352 524 471 
353 525 471 
354 527 471 
354 525 471 
353 523 471 
351 520 471 
350 518 471 
349 520 471 
350 522 471 
352 525 471 
353 526 471 
353 524 471 
351 520 471 
350 518 470 
349 519 471 
350 522 471 
352 525 471 
353 526 471 
353 525 471 
352 523 471 
350 519 470 
349 518 470 
348 518 470 
349 521 471 
351 525 471 
352 525 471 
354 526 471 
353 524 471 
353 522 470 
352 519 470 
350 518 470 
350 520 470 
350 521 470 
351 523 471 
349 525 471 
353 526 471 
354 526 471 
354 524 470 
353 524 471 
352 521 470 
351 519 470 
349 518 470 
349 518 470 
349 520 470 
350 522 470 
352 525 471 
353 526 470 
353 524 470 
353 522 470 
351 519 470 
349 518 470 
349 517 470 
350 521 470 
353 525 471 
353 526 470 
353 523 470 
352 519 470 
349 517 470 
349 518 470 
350 520 470 
351 524 470 
352 524 470 
354 525 470 
353 523 470 
352 522 470 
351 518 470 
349 517 470 
349 517 470 
349 520 470 
350 521 470 
352 524 470 
353 525 470 
354 525 470 
353 522 470 
351 519 470 
350 518 469 
350 517 469 
350 520 470 
352 524 470 
353 525 470 
353 523 470 
351 518 470 
350 517 469 
349 518 470 
350 521 470 
352 524 470 
354 525 470 
353 523 470 
354 521 470 
351 518 470 
