292 324 316 
290 324 316 
290 323 315 
289 323 315 
290 324 316 
290 326 316 
291 327 316 
292 329 316 
292 330 316 
292 328 316 
292 326 316 
290 324 315 
290 323 315 
289 322 315 
290 325 316 
291 329 316 
289 328 316 
292 330 316 
292 328 316 
289 327 316 
291 324 315 
289 323 315 
289 322 315 
288 322 315 
289 323 316 
289 325 316 
290 326 316 
291 328 316 
291 328 316 
291 328 316 
292 329 316 
292 329 316 
292 329 316 
281 326 315 
290 327 316 
290 326 316 
290 324 315 
290 324 315 
289 322 315 
289 323 315 
290 324 315 
290 325 315 
290 326 315 
291 328 316 
291 329 316 
292 330 316 
292 330 316 
293 329 315 
292 327 315 
291 325 315 
290 324 315 
289 323 315 
290 324 315 
290 326 315 
291 328 316 
292 330 315 
293 330 316 
292 327 315 
291 325 315 
290 323 315 
289 322 315 
289 323 315 
290 322 315 
289 324 315 
290 325 315 
290 327 315 
292 328 316 
292 329 315 
292 330 316 
292 329 315 
292 327 315 
291 326 315 
291 324 315 
290 324 315 
290 323 315 
290 323 315 
289 322 315 
290 322 315 
289 324 315 
289 325 315 
290 326 315 
291 329 315 
291 328 315 
292 330 316 
292 330 315 
292 328 315 
291 327 315 
291 327 315 
291 326 315 
290 324 315 
290 324 315 
290 324 315 
290 323 315 
290 323 315 
289 324 315 
289 325 315 
290 326 315 
291 329 315 
291 329 315 
293 330 315 
292 330 315 
292 330 315 
292 329 315 
291 327 315 
291 326 315 
290 324 315 
289 323 315 
289 323 315 
288 322 315 
289 324 315 
289 326 315 
290 326 315 
291 329 315 
291 328 315 
292 329 315 
293 330 315 
292 327 315 
291 326 315 
290 323 315 
289 323 315 
289 322 315 
289 324 315 
289 325 315 
290 326 315 
291 328 315 
291 328 315 
292 329 315 
292 329 315 
292 329 315 
293 329 315 
292 327 315 
292 327 315 
290 326 315 
290 326 315 
292 326 315 
289 323 315 
290 323 315 
290 323 315 
289 322 315 
289 322 315 
289 322 315 
289 321 315 
290 323 315 
290 324 315 
290 324 315 
290 325 315 
291 328 315 
291 327 316 
292 329 316 
293 328 315 
292 328 315 
292 327 315 
292 326 315 
292 326 315 
293 325 316 
290 325 315 
290 322 315 
290 322 315 
290 322 315 
290 322 315 
290 323 315 
290 321 315 
289 321 315 
290 321 315 
289 321 315 
289 321 315 
291 322 315 
290 323 315 
290 324 315 
290 324 315 
290 324 315 
290 324 315 
290 325 316 
290 324 315 
291 326 316 
291 327 316 
291 327 316 
292 327 316 
292 326 316 
292 328 316 
293 327 316 
292 327 316 
292 328 316 
292 327 316 
292 327 316 
292 327 316 
292 328 316 
292 328 316 
292 328 316 
292 326 316 
292 326 316 
292 325 316 
292 326 316 
292 325 316 
292 325 316 
292 325 316 
291 324 316 
292 324 316 
291 324 316 
291 324 315 
