336 597 470 
334 594 469 
333 593 469 
333 596 470 
335 599 470 
337 600 470 
337 599 470 
336 597 470 
334 594 470 
333 593 470 
334 595 470 
334 597 470 
336 599 470 
337 600 470 
337 598 470 
336 595 470 
334 593 470 
333 593 470 
334 595 470 
335 599 470 
337 600 471 
337 600 471 
337 598 470 
335 594 470 
334 593 470 
333 593 470 
333 595 470 
334 596 471 
336 599 471 
337 600 471 
337 598 471 
336 596 471 
334 594 470 
333 592 470 
333 594 471 
334 596 471 
336 599 471 
338 600 471 
337 597 471 
336 594 471 
334 593 471 
334 594 471 
335 596 471 
336 598 471 
338 600 471 
337 597 471 
335 593 471 
333 593 471 
334 594 471 
335 596 471 
336 598 471 
338 599 471 
337 597 471 
336 594 471 
334 592 471 
334 593 471 
334 594 471 
335 596 472 
336 598 472 
336 600 472 
338 598 472 
337 596 472 
335 593 471 
334 592 471 
334 594 472 
336 598 472 
337 599 472 
338 598 472 
337 596 472 
335 593 471 
334 592 472 
334 594 472 
336 598 472 
338 598 472 
338 597 472 
337 596 472 
335 593 472 
334 592 472 
334 594 472 
337 598 472 
339 598 472 
338 597 472 
337 596 472 
335 593 472 
334 592 472 
335 594 472 
335 596 472 
337 598 472 
338 598 472 
339 599 473 
338 596 472 
337 595 472 
336 592 472 
335 592 472 
335 592 472 
334 593 472 
336 594 472 
336 598 473 
337 597 473 
338 599 473 
339 599 473 
338 597 473 
338 595 472 
336 592 472 
336 592 472 
335 591 472 
335 591 472 
334 591 472 
334 593 473 
335 594 472 
335 595 473 
336 597 473 
334 597 473 
338 598 473 
338 598 473 
339 598 473 
339 597 473 
338 596 473 
338 595 473 
336 592 473 
336 592 472 
335 591 473 
335 591 473 
334 591 473 
334 593 473 
335 594 473 
336 595 473 
337 597 473 
338 597 473 
338 598 473 
339 598 473 
339 598 473 
339 596 473 
338 595 473 
337 592 473 
336 592 473 
335 591 473 
335 591 473 
335 592 473 
335 594 473 
336 595 473 
337 597 474 
338 598 474 
340 598 474 
338 596 473 
338 595 473 
337 592 473 
336 592 473 
335 591 473 
335 591 473 
335 591 473 
335 593 473 
336 594 474 
337 597 474 
338 596 474 
339 598 474 
340 597 474 
339 595 474 
338 593 474 
336 592 474 
336 591 474 
335 590 474 
335 592 474 
336 593 474 
338 596 474 
338 596 474 
339 597 475 
340 597 475 
339 595 474 
339 594 474 
337 591 474 
337 591 474 
335 590 474 
335 590 474 
335 592 475 
337 595 475 
338 596 475 
340 597 475 
339 595 475 
338 593 475 
337 590 474 
336 590 475 
335 590 475 
336 592 475 
339 595 475 
338 595 475 
340 597 475 
340 596 475 
339 594 475 
337 591 475 
337 591 475 
335 589 475 
336 591 475 
336 592 475 
338 595 475 
340 596 475 
340 595 475 
339 593 475 
337 590 475 
336 590 475 
