274 536 227 
273 521 227 
272 511 227 
273 510 227 
273 503 227 
270 471 226 
271 431 225 
271 409 225 
271 394 225 
271 383 225 
270 394 225 
270 375 225 
270 414 225 
271 472 228 
269 455 228 
270 451 228 
268 453 228 
269 440 228 
269 417 227 
270 420 228 
270 425 228 
270 423 228 
271 423 228 
271 433 229 
272 496 230 
273 521 231 
273 529 232 
274 549 233 
275 588 234 
271 581 234 
274 576 234 
273 585 235 
274 588 235 
274 585 236 
274 594 236 
274 594 237 
273 585 236 
274 572 236 
271 583 237 
274 569 237 
273 554 237 
272 533 236 
272 531 237 
272 527 237 
272 527 237 
272 525 237 
272 524 237 
271 504 237 
271 508 237 
271 488 237 
271 486 237 
271 447 236 
270 417 235 
270 428 236 
270 427 236 
270 419 236 
270 419 236 
271 427 237 
270 427 236 
270 404 236 
270 405 236 
270 397 236 
272 426 237 
271 396 237 
272 403 237 
272 398 237 
274 403 237 
273 423 238 
273 436 238 
273 474 239 
272 441 239 
272 422 238 
272 445 239 
272 430 239 
272 458 240 
273 488 241 
273 490 241 
274 504 242 
273 507 242 
274 512 242 
274 540 243 
274 538 243 
274 527 244 
275 534 244 
274 535 244 
274 525 244 
275 527 244 
274 516 244 
273 519 244 
274 520 245 
273 502 244 
273 522 245 
273 508 245 
274 506 245 
273 531 246 
273 514 246 
274 534 247 
274 540 247 
275 570 248 
275 560 248 
274 555 248 
274 572 249 
274 590 249 
273 569 250 
273 567 250 
273 564 250 
273 563 250 
273 536 250 
272 517 249 
273 503 249 
271 470 248 
272 489 249 
272 470 249 
272 499 250 
273 504 249 
273 510 251 
272 514 251 
273 517 251 
273 519 251 
274 519 251 
273 520 252 
273 521 252 
272 517 252 
272 516 252 
273 517 252 
272 510 253 
272 514 253 
272 512 253 
273 515 253 
272 524 254 
273 526 254 
273 530 254 
273 524 254 
274 539 255 
274 546 255 
274 555 256 
274 570 256 
274 561 256 
275 556 256 
274 556 257 
274 557 257 
274 563 257 
274 562 258 
274 572 258 
274 563 258 
274 561 258 
274 563 258 
274 547 258 
274 552 259 
274 546 259 
274 554 259 
273 545 259 
274 543 259 
273 554 260 
274 548 260 
274 547 260 
275 560 261 
275 568 261 
275 571 261 
275 585 262 
274 552 261 
274 520 260 
273 483 259 
271 416 258 
274 398 258 
270 372 257 
271 389 258 
273 480 260 
273 514 262 
274 548 263 
274 551 263 
276 555 263 
274 498 262 
273 450 260 
271 400 259 
271 401 260 
271 408 260 
272 462 262 
273 500 263 
274 552 264 
274 551 265 
275 561 265 
276 551 265 
275 521 264 
274 512 264 
273 475 263 
272 437 262 
272 405 262 
271 420 262 
271 424 263 
270 426 263 
272 468 264 
272 493 265 
274 524 266 
275 548 267 
275 553 267 
276 537 267 
275 539 267 
275 537 267 
274 544 267 
