350 544 481 
351 543 481 
352 545 482 
353 545 482 
354 545 481 
352 543 481 
352 543 481 
352 542 481 
352 542 481 
352 541 481 
351 541 481 
352 541 481 
351 539 481 
350 538 481 
350 538 481 
350 538 481 
350 538 481 
350 538 481 
349 538 481 
349 538 481 
350 538 481 
349 538 481 
349 537 481 
349 537 481 
348 537 481 
348 537 481 
348 538 481 
349 539 481 
349 540 481 
350 541 481 
350 543 481 
351 543 481 
352 544 481 
352 544 481 
353 544 481 
352 542 481 
353 541 481 
351 540 481 
350 538 481 
350 538 481 
348 536 481 
348 536 480 
349 539 481 
349 540 481 
351 543 481 
352 544 481 
353 543 481 
352 541 481 
351 541 481 
350 537 480 
349 537 480 
348 536 480 
348 536 480 
349 538 481 
349 539 481 
350 541 481 
351 543 481 
352 544 481 
353 543 481 
352 542 481 
352 541 481 
351 539 481 
350 537 480 
349 537 480 
349 536 480 
348 536 480 
348 537 481 
349 539 481 
351 542 481 
351 542 481 
352 543 481 
352 543 481 
353 542 481 
352 540 481 
351 539 480 
349 536 480 
348 535 480 
348 535 480 
348 537 480 
348 539 481 
350 542 481 
351 543 481 
352 543 481 
351 540 481 
351 539 480 
350 536 480 
349 537 480 
348 535 480 
348 535 480 
347 536 480 
348 537 480 
349 538 480 
349 539 480 
350 541 481 
351 541 481 
351 542 481 
352 542 481 
352 541 480 
351 540 481 
350 538 480 
349 536 480 
348 534 480 
347 535 480 
348 537 480 
348 538 480 
349 541 480 
350 541 480 
351 541 480 
352 542 480 
352 542 480 
352 542 481 
352 541 480 
351 539 480 
351 538 480 
350 535 480 
349 536 480 
348 534 480 
349 535 480 
347 534 480 
348 536 480 
348 537 480 
349 538 480 
350 541 480 
351 541 480 
351 542 480 
352 542 480 
352 542 480 
353 541 480 
351 539 480 
351 538 480 
349 535 479 
348 535 479 
347 534 479 
347 534 479 
348 536 480 
348 537 480 
349 540 480 
350 541 480 
350 542 480 
351 542 480 
351 542 480 
352 540 480 
352 539 480 
350 538 479 
349 535 479 
348 535 479 
349 535 479 
348 534 479 
347 534 479 
348 536 479 
348 537 479 
349 537 479 
350 540 480 
350 540 480 
352 542 480 
352 539 479 
351 538 479 
349 535 479 
348 534 479 
347 533 479 
348 536 479 
350 540 479 
351 540 479 
352 542 480 
352 541 480 
352 540 479 
352 539 479 
351 538 479 
350 535 479 
349 534 479 
349 535 479 
348 534 479 
348 533 479 
348 535 479 
348 536 479 
350 539 479 
351 540 479 
353 542 479 
353 540 479 
352 538 479 
351 535 479 
350 535 479 
349 533 479 
349 534 479 
349 536 479 
350 537 479 
351 540 479 
352 541 479 
353 541 479 
353 539 479 
352 537 479 
351 534 478 
349 533 478 
349 533 479 
349 535 479 
349 536 479 
350 537 479 
351 540 479 
351 539 479 
352 540 479 
