350 573 488 
350 571 488 
349 570 488 
348 569 488 
347 567 487 
347 566 488 
347 566 488 
346 566 488 
346 565 488 
346 565 488 
345 565 487 
345 567 488 
346 568 488 
349 572 488 
349 571 488 
350 573 488 
350 571 488 
348 569 488 
347 566 487 
346 565 488 
345 565 487 
346 568 488 
346 569 488 
348 571 488 
349 572 488 
350 573 488 
349 570 488 
349 569 488 
347 566 487 
345 565 487 
345 566 488 
346 568 488 
348 571 488 
349 572 488 
349 571 488 
348 569 488 
347 566 487 
345 565 487 
346 567 488 
347 570 488 
349 572 488 
350 572 488 
349 569 488 
347 566 487 
346 565 487 
346 567 488 
348 571 488 
351 572 488 
350 570 488 
348 566 488 
346 564 487 
346 567 488 
349 571 488 
350 572 488 
350 570 488 
347 565 487 
346 564 487 
346 567 488 
348 571 488 
350 572 488 
349 569 488 
348 565 487 
346 564 487 
346 567 488 
348 570 488 
350 571 488 
350 569 488 
348 565 488 
344 564 487 
346 565 488 
347 570 488 
350 571 488 
350 570 488 
349 568 488 
347 565 488 
346 563 487 
347 567 488 
349 570 488 
351 571 488 
349 568 488 
348 565 488 
346 564 487 
346 566 488 
348 569 488 
349 571 488 
351 571 488 
349 568 488 
348 565 488 
347 565 488 
345 563 487 
346 565 488 
348 566 488 
348 569 488 
350 571 488 
350 571 488 
349 568 488 
348 564 488 
347 564 488 
346 563 488 
346 565 488 
346 567 488 
348 570 488 
350 570 488 
351 571 488 
350 568 488 
349 567 488 
347 564 488 
346 563 488 
346 562 488 
346 565 488 
347 567 488 
348 569 488 
350 570 488 
350 568 488 
349 566 488 
347 564 488 
346 563 488 
346 565 488 
348 568 488 
350 569 488 
351 570 488 
349 567 488 
347 564 488 
345 563 488 
345 565 488 
349 569 488 
349 570 488 
350 569 488 
349 567 488 
347 563 488 
346 562 488 
346 564 488 
346 566 488 
349 568 488 
350 570 488 
351 568 488 
349 566 488 
347 563 488 
346 562 488 
346 564 488 
347 566 488 
350 568 488 
350 570 488 
349 567 488 
348 564 488 
346 562 487 
343 562 487 
346 565 488 
348 568 488 
348 569 488 
350 569 488 
350 568 488 
349 567 488 
349 566 488 
347 563 488 
346 562 488 
346 562 487 
346 564 488 
346 565 488 
348 568 488 
350 569 488 
350 568 488 
349 566 488 
347 563 488 
346 561 488 
346 563 488 
347 565 488 
348 568 488 
349 568 488 
347 569 488 
350 567 488 
349 566 488 
349 565 488 
347 562 488 
347 563 488 
346 561 488 
346 562 488 
346 563 488 
346 564 488 
347 565 488 
348 567 488 
349 567 488 
348 568 488 
351 567 488 
349 566 488 
348 562 488 
348 562 488 
346 561 488 
345 563 488 
346 564 488 
348 567 488 
349 569 489 
350 568 489 
350 566 488 
347 562 488 
346 560 488 
346 563 488 
348 566 488 
350 568 488 
350 566 488 
