283 343 328 
281 343 328 
281 343 328 
282 343 328 
284 343 328 
285 343 329 
285 343 329 
287 343 329 
285 343 328 
284 343 328 
284 343 328 
284 343 328 
284 343 328 
284 343 328 
283 343 328 
284 343 328 
284 343 328 
284 343 328 
284 343 328 
284 343 328 
284 343 328 
284 343 328 
284 343 328 
284 343 328 
284 343 328 
284 343 328 
285 343 328 
284 343 328 
284 343 328 
284 344 328 
285 344 328 
284 344 328 
283 344 328 
282 344 328 
282 344 328 
282 343 328 
282 343 328 
282 343 328 
282 343 328 
282 343 328 
282 342 328 
282 343 328 
282 343 328 
283 342 328 
281 342 328 
282 342 327 
281 342 328 
281 342 328 
281 342 328 
282 342 328 
282 342 328 
282 343 328 
282 343 328 
282 342 328 
284 342 328 
284 342 328 
284 342 328 
285 342 328 
284 342 328 
285 342 328 
285 342 328 
286 342 328 
286 342 328 
285 342 328 
286 342 328 
285 342 328 
284 342 328 
284 342 328 
284 342 328 
282 342 328 
282 342 328 
282 342 328 
281 342 328 
281 342 328 
281 342 328 
281 342 328 
280 342 328 
281 342 328 
281 342 328 
282 342 328 
282 342 328 
282 342 328 
285 342 328 
284 341 328 
284 342 328 
285 342 328 
285 342 328 
284 341 328 
284 341 328 
283 341 328 
282 341 328 
282 340 328 
283 341 328 
281 340 328 
281 341 328 
281 341 328 
281 341 328 
282 340 328 
282 340 328 
282 340 328 
282 341 328 
282 341 328 
282 341 328 
284 341 328 
283 340 328 
284 340 328 
284 340 328 
284 341 328 
285 341 328 
284 340 328 
284 340 328 
284 341 328 
284 341 328 
283 341 327 
282 341 327 
281 341 327 
281 341 327 
280 341 327 
282 341 327 
282 341 328 
284 341 328 
284 341 328 
285 341 328 
285 341 328 
283 341 328 
283 341 327 
281 341 327 
281 341 327 
280 341 327 
280 341 327 
282 342 328 
282 341 328 
283 341 327 
284 341 328 
287 341 328 
285 341 328 
283 341 327 
281 341 327 
281 341 327 
280 341 327 
282 341 327 
284 341 328 
285 341 328 
285 341 328 
283 341 327 
283 341 327 
282 341 327 
282 341 327 
281 341 327 
282 341 327 
284 341 328 
284 341 327 
285 341 328 
285 341 328 
284 341 327 
284 341 327 
283 341 327 
283 341 327 
281 340 327 
281 341 327 
280 340 327 
280 340 327 
282 340 327 
283 340 327 
284 340 327 
285 340 327 
284 340 327 
284 340 327 
281 340 327 
281 340 327 
280 340 327 
281 340 327 
282 341 327 
283 340 327 
284 341 327 
285 341 327 
285 341 327 
283 341 327 
283 341 327 
283 341 327 
281 341 326 
281 341 327 
281 341 327 
280 342 327 
280 341 327 
282 341 327 
283 342 327 
284 342 327 
285 342 327 
285 342 327 
283 342 327 
281 342 326 
281 342 326 
280 342 326 
279 341 327 
283 341 327 
284 341 327 
285 341 327 
283 341 327 
281 341 327 
