327 354 347 
327 355 348 
327 355 347 
327 354 347 
327 353 347 
327 352 347 
326 350 347 
326 349 347 
326 350 347 
324 348 347 
324 348 347 
324 349 347 
324 350 347 
325 352 347 
325 354 347 
326 354 347 
327 355 347 
327 355 347 
327 354 347 
324 352 347 
326 349 347 
325 350 347 
325 348 347 
324 348 347 
324 348 347 
324 348 347 
324 350 347 
324 351 347 
324 351 347 
325 352 347 
326 354 347 
326 354 347 
326 354 347 
327 355 347 
327 355 347 
328 355 347 
327 353 347 
327 352 347 
325 349 347 
325 349 347 
324 348 347 
324 348 347 
324 350 347 
324 351 347 
325 352 347 
326 354 347 
326 354 347 
327 355 347 
328 356 347 
327 353 347 
326 351 347 
326 349 346 
324 348 346 
323 348 346 
324 350 346 
325 352 347 
326 355 347 
327 356 347 
327 356 347 
327 353 347 
326 352 346 
325 350 346 
324 349 346 
324 349 346 
324 350 346 
324 351 346 
325 354 346 
327 355 346 
327 356 347 
327 355 347 
327 353 346 
326 352 346 
325 350 346 
323 349 346 
324 350 346 
324 352 346 
325 355 346 
325 355 346 
327 356 346 
327 356 346 
327 354 346 
326 353 346 
326 352 346 
325 350 346 
324 350 346 
324 350 346 
323 349 346 
324 349 346 
323 349 346 
323 350 346 
324 352 346 
324 352 346 
324 353 346 
325 355 346 
326 355 346 
326 356 346 
327 356 346 
327 354 346 
327 353 346 
326 350 345 
325 350 345 
324 350 345 
324 349 345 
324 349 345 
323 350 346 
324 351 346 
324 351 346 
324 352 346 
325 354 346 
325 355 346 
325 355 346 
325 354 346 
327 355 346 
326 355 346 
327 356 346 
327 355 346 
326 355 346 
327 356 346 
327 356 346 
326 355 346 
327 354 346 
326 353 346 
325 352 346 
324 350 345 
324 350 345 
323 349 345 
323 349 345 
323 349 345 
322 348 345 
323 350 345 
323 350 345 
323 351 346 
324 352 345 
324 353 346 
324 355 346 
325 354 346 
325 355 346 
326 356 346 
326 356 346 
334 357 346 
327 356 346 
328 354 346 
327 353 346 
327 353 346 
326 352 345 
326 351 345 
325 349 345 
325 350 345 
323 349 345 
323 348 345 
323 350 345 
324 352 345 
325 354 346 
325 354 346 
326 356 346 
327 355 346 
326 354 346 
326 353 345 
325 352 345 
324 349 345 
324 350 345 
323 349 345 
322 348 345 
323 351 345 
323 352 345 
324 354 346 
325 354 345 
325 356 346 
326 356 345 
327 356 345 
326 354 345 
326 353 345 
323 353 345 
324 350 345 
324 350 345 
323 349 345 
322 349 345 
323 351 345 
323 352 345 
324 354 345 
325 355 345 
325 354 345 
325 356 345 
325 356 345 
326 356 345 
325 354 345 
326 353 345 
326 353 345 
325 352 345 
324 350 345 
323 350 345 
323 349 344 
322 349 345 
322 349 345 
322 351 345 
323 352 345 
323 354 345 
324 355 345 
325 355 345 
326 356 345 
