283 350 333 
282 351 333 
283 351 333 
284 351 333 
285 351 333 
286 351 333 
285 351 333 
285 351 333 
283 351 333 
282 351 333 
283 351 333 
284 351 333 
286 351 333 
286 351 333 
285 351 333 
283 351 333 
282 351 333 
283 351 333 
285 351 333 
286 351 333 
286 351 333 
284 351 333 
283 350 333 
282 351 333 
283 351 333 
286 351 333 
286 351 333 
285 351 333 
283 351 333 
282 351 333 
283 351 333 
285 350 333 
286 351 333 
285 351 333 
283 351 333 
282 351 333 
283 351 332 
284 351 333 
285 351 333 
286 351 333 
284 351 333 
284 351 333 
283 351 333 
281 351 333 
282 351 333 
284 351 333 
283 351 333 
286 351 333 
285 351 333 
282 351 333 
282 351 333 
282 351 333 
283 350 333 
285 350 333 
286 350 333 
285 350 333 
285 350 333 
284 350 332 
282 350 333 
282 350 333 
283 350 333 
285 350 333 
286 350 333 
286 350 333 
285 350 333 
283 349 333 
282 350 333 
282 349 333 
283 349 333 
285 349 333 
285 350 333 
286 349 333 
285 350 333 
283 349 333 
282 349 333 
282 350 333 
283 349 333 
285 349 333 
286 349 333 
286 349 333 
285 349 333 
283 349 333 
284 349 332 
282 349 333 
282 349 333 
283 349 333 
285 349 333 
286 349 333 
286 349 333 
285 349 333 
284 349 333 
282 349 333 
282 349 332 
282 349 333 
281 349 333 
283 349 333 
284 349 333 
285 349 333 
285 349 333 
286 349 333 
287 349 332 
286 349 333 
285 349 333 
285 349 333 
283 349 332 
283 349 333 
282 349 332 
282 349 332 
283 349 333 
285 349 333 
285 349 333 
286 349 333 
286 349 333 
285 349 332 
283 349 332 
282 349 332 
283 349 332 
284 349 332 
285 349 333 
286 349 333 
285 349 332 
283 349 332 
282 349 332 
282 349 332 
283 349 332 
285 349 332 
285 349 332 
286 349 332 
285 349 332 
284 349 332 
283 349 332 
282 349 332 
282 349 332 
283 349 332 
285 349 332 
285 349 332 
286 349 332 
285 349 332 
285 349 332 
284 349 332 
283 349 332 
282 349 332 
282 349 332 
282 349 332 
283 349 332 
284 349 332 
285 349 332 
286 349 332 
286 349 332 
286 349 332 
285 349 332 
283 349 332 
282 349 332 
282 349 332 
283 349 332 
286 349 332 
286 349 332 
285 349 332 
284 349 332 
283 349 332 
282 349 332 
283 349 332 
284 349 332 
286 349 332 
285 349 332 
286 349 332 
283 349 332 
282 349 332 
283 349 332 
284 349 332 
286 349 332 
286 349 332 
285 349 332 
282 349 331 
281 349 331 
282 349 331 
283 349 332 
285 349 332 
286 349 332 
286 349 332 
285 349 332 
283 349 331 
283 349 331 
282 349 331 
282 349 331 
283 349 332 
284 349 332 
286 349 332 
287 349 332 
286 349 332 
284 349 332 
283 349 331 
282 349 331 
283 349 331 
283 349 332 
285 349 332 
286 349 332 
285 349 331 
284 349 331 
282 349 331 
