290 322 315 
289 321 315 
290 321 315 
290 321 315 
289 321 315 
289 321 315 
289 321 315 
289 321 315 
289 321 315 
290 321 315 
290 321 315 
290 321 315 
290 322 315 
291 322 315 
290 322 315 
290 322 315 
291 322 315 
293 323 315 
293 325 315 
292 325 315 
292 325 315 
292 324 315 
291 324 315 
291 323 315 
291 322 315 
287 322 315 
290 322 315 
290 323 315 
291 324 315 
288 324 315 
291 325 315 
291 325 315 
292 326 315 
292 328 315 
293 328 315 
292 328 315 
292 328 315 
291 327 315 
291 327 315 
292 326 315 
290 324 315 
290 324 315 
290 324 315 
290 323 315 
289 323 315 
289 322 315 
289 321 315 
289 320 315 
289 320 315 
289 321 315 
289 321 315 
289 321 315 
289 320 315 
289 321 315 
290 322 315 
290 322 315 
289 321 315 
291 322 315 
291 322 315 
292 325 315 
292 325 315 
292 325 315 
292 327 315 
292 328 315 
292 328 315 
292 328 315 
292 328 315 
292 328 315 
292 328 315 
292 328 315 
292 328 315 
292 328 315 
292 328 315 
293 329 315 
292 328 315 
292 328 315 
290 327 315 
291 327 315 
292 327 315 
292 327 315 
291 328 315 
291 328 315 
291 327 315 
290 325 315 
290 324 315 
289 324 315 
289 323 314 
289 321 314 
290 321 314 
285 322 314 
290 322 314 
290 323 314 
291 322 314 
291 322 314 
291 324 314 
292 325 315 
291 325 314 
292 326 314 
291 326 314 
291 326 315 
291 327 315 
292 327 315 
292 327 315 
293 327 315 
293 328 315 
292 329 315 
292 329 315 
292 329 315 
292 329 315 
292 329 315 
292 329 314 
292 329 315 
293 328 315 
292 327 315 
292 327 315 
291 326 315 
291 327 315 
292 327 315 
291 327 315 
291 327 315 
301 328 315 
292 327 314 
292 327 314 
292 326 314 
292 326 315 
292 326 314 
292 326 314 
291 325 314 
292 325 314 
292 324 314 
291 323 314 
291 323 314 
290 323 314 
290 323 314 
290 323 314 
290 323 314 
290 323 314 
290 324 314 
291 324 314 
291 325 314 
291 325 314 
291 325 314 
290 324 314 
290 323 314 
290 323 314 
290 323 314 
290 323 314 
290 323 314 
290 323 314 
289 322 314 
288 322 314 
289 322 314 
288 322 314 
289 323 314 
289 324 314 
289 325 314 
289 325 314 
290 326 314 
290 326 314 
290 327 314 
291 328 315 
291 328 314 
291 327 314 
291 328 315 
292 329 314 
292 329 315 
292 329 315 
291 327 314 
291 326 314 
291 325 314 
290 324 314 
290 322 314 
290 323 314 
289 323 314 
289 321 314 
289 322 314 
289 322 314 
290 322 314 
289 321 314 
289 323 314 
289 324 314 
289 323 314 
289 324 314 
289 324 314 
289 325 314 
289 325 314 
286 325 314 
290 325 314 
291 326 314 
290 326 314 
290 326 314 
290 325 314 
290 325 314 
289 325 314 
290 325 314 
289 325 314 
290 325 314 
291 325 314 
289 325 314 
290 325 314 
