288 324 313 
289 325 313 
290 327 313 
290 327 313 
291 328 313 
291 328 313 
291 326 313 
290 325 313 
289 322 313 
288 322 313 
288 321 313 
287 321 312 
287 321 312 
287 322 313 
288 323 313 
288 324 313 
288 324 313 
289 325 313 
288 325 313 
289 327 313 
289 327 313 
289 327 313 
289 328 313 
290 328 313 
290 328 313 
289 326 313 
289 326 313 
289 325 313 
289 325 313 
288 324 313 
288 324 313 
288 323 313 
287 322 312 
287 322 312 
287 322 313 
287 322 312 
287 322 313 
286 322 312 
283 321 312 
285 321 312 
285 320 312 
286 323 313 
285 323 313 
288 325 313 
287 327 313 
286 327 313 
289 328 313 
289 328 313 
290 329 313 
289 326 313 
290 325 313 
288 324 313 
288 322 313 
287 322 313 
287 322 312 
285 321 313 
286 321 312 
286 321 312 
286 322 313 
286 323 313 
286 324 313 
286 324 313 
286 324 313 
287 327 313 
288 327 313 
288 327 313 
288 328 313 
288 328 313 
289 329 313 
288 326 313 
289 324 313 
287 322 313 
287 322 312 
286 321 312 
286 321 312 
286 323 313 
288 324 313 
287 325 313 
288 327 313 
288 327 313 
288 327 313 
289 328 313 
289 328 313 
289 328 313 
288 326 313 
289 326 313 
289 325 312 
288 322 312 
287 322 312 
287 322 312 
286 321 312 
287 321 312 
286 322 312 
286 323 313 
287 325 313 
288 327 313 
285 327 313 
289 328 313 
288 326 313 
288 325 313 
287 323 312 
287 322 312 
286 321 313 
286 320 312 
287 323 313 
287 324 313 
288 327 313 
289 328 313 
289 328 313 
289 327 313 
289 325 313 
288 322 312 
287 322 312 
287 321 312 
287 323 313 
287 324 313 
286 327 313 
288 328 313 
289 328 313 
289 326 313 
288 325 313 
286 322 312 
286 321 312 
286 321 312 
285 320 312 
286 323 312 
287 324 313 
287 325 313 
288 328 313 
289 327 313 
289 328 313 
289 329 313 
289 328 313 
290 329 313 
289 327 313 
289 326 313 
290 326 312 
288 325 312 
287 323 312 
286 322 312 
287 323 313 
286 321 312 
287 321 312 
287 322 312 
286 321 312 
287 323 312 
286 324 312 
287 324 312 
288 325 312 
287 324 312 
288 325 312 
288 325 312 
288 326 313 
288 327 313 
289 328 313 
289 328 312 
289 328 312 
289 328 313 
289 328 313 
289 328 313 
289 328 313 
289 329 313 
289 329 313 
289 329 313 
289 329 313 
289 329 313 
289 328 313 
289 329 313 
289 328 313 
289 328 313 
289 329 313 
290 329 313 
289 326 313 
289 326 313 
291 326 313 
289 325 312 
288 324 312 
287 322 312 
287 322 312 
287 323 312 
288 322 312 
286 321 312 
286 321 312 
286 320 312 
286 323 312 
287 324 312 
287 325 313 
289 327 313 
288 328 313 
288 328 313 
288 327 313 
290 328 313 
289 329 313 
289 328 313 
289 327 313 
289 326 312 
288 325 312 
287 322 312 
287 322 312 
287 321 312 
