325 356 351 
324 355 351 
323 355 351 
322 357 351 
325 360 351 
326 361 351 
327 362 351 
327 360 351 
326 358 351 
325 356 351 
324 355 351 
324 356 351 
325 358 351 
326 361 351 
326 361 351 
327 362 351 
327 362 351 
327 361 351 
327 360 351 
327 359 351 
326 359 351 
326 358 351 
326 357 351 
326 356 351 
325 356 351 
324 356 351 
324 355 351 
324 355 351 
320 354 351 
323 354 351 
323 356 351 
323 356 351 
324 357 351 
325 358 351 
324 359 351 
325 360 351 
325 360 351 
325 360 351 
325 360 351 
326 361 351 
326 361 351 
326 361 351 
327 361 351 
326 359 351 
326 359 351 
326 358 351 
326 358 351 
325 355 351 
324 355 351 
324 355 351 
324 355 351 
324 354 351 
323 354 351 
323 354 351 
323 355 351 
323 356 351 
324 359 351 
325 359 351 
326 361 352 
327 360 351 
326 359 351 
326 358 351 
326 357 351 
324 355 351 
324 354 351 
323 353 351 
323 353 351 
323 353 351 
322 355 351 
323 355 351 
323 357 351 
325 359 351 
325 359 351 
326 360 351 
326 360 351 
327 360 351 
326 358 351 
325 358 351 
325 357 351 
324 354 351 
324 354 351 
323 354 351 
323 354 351 
323 353 351 
322 353 351 
322 353 351 
323 353 351 
323 354 351 
322 355 351 
322 355 351 
323 356 351 
323 356 351 
323 357 351 
323 358 351 
324 359 351 
324 359 351 
324 359 351 
325 360 351 
325 360 351 
326 360 351 
326 361 351 
326 358 351 
326 358 351 
326 357 351 
324 356 351 
324 354 351 
323 354 351 
323 353 351 
322 353 351 
323 353 351 
322 355 350 
323 356 351 
322 357 351 
325 359 351 
325 359 351 
325 360 351 
326 360 351 
326 358 351 
325 357 351 
324 354 351 
323 354 351 
322 353 351 
322 354 351 
322 355 351 
324 358 351 
325 359 351 
326 360 351 
325 357 351 
324 354 351 
323 354 351 
322 353 351 
322 353 351 
322 355 351 
322 356 351 
323 358 351 
324 359 351 
324 359 351 
325 359 351 
326 360 351 
326 360 351 
325 358 351 
325 357 351 
324 355 351 
324 354 351 
322 352 351 
321 352 350 
322 354 351 
323 356 351 
324 359 351 
325 360 351 
326 360 351 
325 357 351 
324 354 350 
323 354 350 
321 352 350 
322 354 350 
322 355 351 
323 358 351 
324 359 351 
325 359 351 
325 358 351 
324 357 351 
323 353 350 
322 352 350 
320 352 350 
320 354 351 
322 356 351 
324 358 351 
325 359 351 
325 359 351 
325 357 351 
324 356 351 
323 354 351 
322 352 350 
321 354 351 
322 356 351 
324 358 351 
325 359 351 
325 358 351 
324 356 351 
323 354 351 
323 353 350 
322 352 350 
321 352 350 
322 354 350 
322 354 351 
322 356 351 
324 358 351 
324 358 351 
326 359 351 
325 360 351 
325 357 351 
324 356 351 
323 353 350 
322 352 350 
321 353 350 
321 354 350 
322 356 350 
324 358 351 
325 360 351 
