341 370 360 
340 370 360 
342 374 360 
344 377 361 
345 378 361 
346 376 361 
344 372 360 
342 370 360 
341 369 360 
342 373 361 
344 376 361 
345 377 361 
347 375 361 
344 373 361 
342 370 361 
342 369 360 
342 371 361 
343 375 361 
344 376 361 
345 377 361 
344 373 361 
341 369 361 
342 369 361 
341 368 361 
341 371 361 
342 373 361 
344 374 361 
345 376 362 
345 376 362 
345 374 362 
345 373 361 
345 371 361 
344 370 361 
344 369 361 
344 369 361 
343 368 361 
342 368 361 
342 369 361 
342 370 361 
343 372 362 
344 374 362 
345 375 362 
345 375 362 
345 375 362 
345 373 362 
345 371 362 
344 369 362 
343 368 362 
342 367 361 
342 367 362 
341 368 362 
342 369 362 
343 370 362 
343 372 362 
344 372 362 
345 374 362 
345 374 362 
345 372 362 
344 370 362 
345 368 362 
343 367 362 
343 366 362 
341 366 362 
342 368 362 
342 368 362 
343 370 362 
345 372 363 
345 373 362 
345 373 363 
345 371 362 
345 370 362 
344 367 362 
343 367 362 
342 366 362 
341 365 362 
343 368 362 
343 371 363 
346 371 362 
345 373 363 
346 371 362 
345 369 362 
344 367 362 
343 366 362 
343 365 362 
342 365 362 
342 366 362 
343 368 362 
344 370 362 
344 371 363 
345 372 362 
346 372 363 
346 370 362 
345 368 362 
344 366 362 
343 366 362 
342 365 362 
342 364 362 
343 366 362 
342 367 362 
343 368 362 
344 371 363 
344 371 363 
345 371 363 
345 372 363 
345 371 363 
346 372 363 
346 370 363 
345 369 363 
344 368 363 
344 365 362 
342 365 362 
343 364 362 
342 364 362 
339 364 362 
342 366 362 
342 366 362 
343 367 363 
343 368 363 
344 370 363 
345 371 363 
346 371 363 
346 370 363 
345 368 363 
344 365 362 
343 364 362 
342 363 362 
343 366 363 
344 370 363 
345 370 363 
346 371 363 
346 368 363 
345 366 362 
344 364 362 
343 363 362 
342 363 362 
342 365 363 
343 366 363 
343 367 362 
344 369 363 
345 369 363 
345 370 363 
346 370 363 
346 369 363 
346 368 363 
344 366 363 
376 369 364 
338 362 362 
341 362 362 
342 362 362 
343 365 362 
343 366 362 
350 370 363 
344 370 363 
353 371 363 
346 368 363 
346 368 363 
345 366 363 
344 364 363 
343 363 362 
342 362 363 
342 362 362 
342 361 362 
343 365 363 
343 366 363 
345 369 363 
346 370 363 
348 370 363 
346 367 363 
345 366 363 
344 364 363 
343 364 362 
342 362 362 
342 362 362 
342 364 363 
342 365 363 
343 366 363 
344 367 363 
344 368 363 
345 368 363 
345 369 363 
345 368 363 
346 369 363 
346 370 363 
346 368 363 
345 367 363 
345 367 363 
345 365 363 
344 363 362 
344 363 362 
344 363 362 
343 362 362 
343 362 362 
343 363 362 
342 362 362 
343 364 363 
343 365 363 
344 366 363 
345 368 363 
345 368 363 
346 369 363 
