346 474 434 
343 466 433 
342 465 433 
344 472 434 
345 471 433 
343 466 433 
341 466 433 
344 472 434 
346 472 433 
343 466 433 
341 465 433 
342 469 433 
345 473 434 
345 471 433 
343 466 433 
341 465 433 
342 468 433 
344 472 433 
345 471 433 
343 466 433 
341 465 433 
342 469 433 
345 473 433 
345 470 433 
342 466 432 
341 466 433 
343 471 433 
345 472 433 
344 469 433 
341 464 432 
342 467 433 
344 471 433 
345 471 433 
342 466 432 
340 466 432 
343 471 433 
346 473 433 
343 466 432 
341 465 432 
341 468 433 
344 472 433 
344 469 433 
341 464 432 
341 467 432 
343 471 433 
344 470 433 
342 465 432 
340 465 432 
343 471 433 
345 472 433 
344 468 433 
341 464 432 
341 466 432 
344 471 433 
344 469 432 
342 465 432 
340 465 432 
343 470 433 
344 471 433 
344 468 432 
340 463 432 
340 466 432 
343 470 433 
345 472 433 
343 466 432 
340 463 432 
341 466 432 
343 470 433 
344 470 432 
342 464 432 
340 464 432 
341 467 432 
344 471 433 
344 469 432 
342 464 432 
340 463 432 
341 467 432 
344 471 432 
344 468 432 
341 463 432 
341 466 432 
343 469 432 
345 470 432 
342 464 432 
340 463 432 
342 468 432 
345 470 432 
344 467 432 
340 463 432 
341 466 432 
344 470 432 
344 469 432 
342 464 432 
340 464 432 
343 469 432 
344 470 432 
344 467 432 
341 462 432 
342 465 432 
344 469 432 
344 469 432 
343 464 431 
340 463 431 
341 466 432 
344 470 432 
344 467 432 
341 462 431 
341 465 432 
344 470 432 
344 467 432 
341 462 431 
341 465 431 
343 469 432 
344 468 431 
342 464 431 
341 464 431 
343 469 432 
344 468 431 
341 463 431 
341 465 431 
344 470 432 
344 467 431 
340 462 431 
341 466 431 
345 470 431 
343 464 431 
340 462 431 
342 469 431 
345 470 431 
342 463 431 
341 462 431 
342 468 431 
345 470 431 
344 466 431 
340 462 431 
341 466 431 
344 470 431 
344 466 431 
341 462 431 
343 468 431 
345 470 431 
342 463 430 
341 464 431 
344 470 431 
344 467 431 
340 462 430 
341 466 431 
344 469 431 
342 463 430 
340 463 430 
343 468 431 
345 468 431 
341 463 430 
340 464 430 
344 469 431 
343 466 430 
340 462 430 
343 468 431 
344 468 431 
341 462 430 
340 464 430 
343 468 431 
343 466 430 
340 461 430 
340 464 430 
344 469 431 
343 465 430 
340 462 430 
343 468 430 
344 468 430 
341 462 430 
340 464 430 
344 469 430 
343 465 430 
340 461 430 
342 467 430 
344 469 430 
341 462 429 
340 463 430 
343 469 430 
343 465 430 
339 461 430 
341 465 430 
344 468 430 
341 462 429 
340 462 430 
343 467 430 
344 466 430 
340 461 429 
340 464 430 
344 469 430 
343 464 430 
340 461 429 
342 468 430 
344 467 430 
341 462 429 
340 464 430 
344 469 430 
343 465 429 
341 461 429 
