343 470 438 
344 474 438 
347 478 439 
346 475 438 
344 471 438 
342 470 438 
343 473 438 
346 477 439 
347 476 438 
344 471 438 
342 470 438 
343 474 438 
346 478 439 
346 474 438 
343 470 438 
343 472 438 
346 477 438 
347 475 438 
344 471 438 
342 471 438 
346 476 438 
347 477 438 
345 471 438 
342 469 438 
343 473 438 
346 477 438 
346 474 438 
342 469 438 
343 472 438 
346 477 438 
346 474 438 
342 469 438 
343 472 438 
346 477 438 
346 474 438 
343 470 437 
342 471 438 
345 476 438 
347 477 438 
344 470 437 
342 469 437 
344 473 438 
346 477 438 
345 473 438 
342 469 437 
343 472 437 
346 477 438 
346 474 438 
344 470 437 
343 471 437 
344 475 437 
346 477 438 
346 474 437 
343 470 437 
342 471 437 
344 476 437 
347 477 438 
346 473 437 
343 469 437 
343 471 437 
345 476 437 
347 477 437 
346 471 437 
342 469 437 
343 473 437 
346 477 437 
346 474 437 
343 469 436 
344 472 437 
346 476 437 
347 474 437 
344 470 436 
343 471 437 
345 476 437 
347 475 437 
344 470 436 
343 470 436 
345 476 437 
347 477 437 
345 470 436 
342 469 436 
344 474 437 
347 476 437 
346 473 436 
343 469 436 
343 471 436 
345 476 437 
348 477 437 
345 471 436 
342 468 436 
343 472 436 
346 477 436 
346 474 436 
343 469 436 
342 471 436 
345 475 436 
346 474 436 
343 470 436 
342 470 436 
345 475 436 
347 475 436 
344 470 436 
342 470 436 
345 475 436 
347 477 436 
345 470 436 
342 468 436 
343 472 436 
346 476 436 
346 473 436 
342 468 436 
343 472 436 
347 476 436 
345 472 436 
343 468 435 
343 472 436 
346 476 436 
346 473 436 
343 469 435 
342 470 435 
344 475 436 
347 476 436 
343 471 435 
343 468 435 
343 471 436 
346 476 436 
346 473 435 
343 469 435 
342 470 435 
344 475 436 
346 475 436 
346 472 435 
342 468 435 
342 470 435 
345 474 436 
346 474 435 
345 469 435 
342 468 435 
343 472 435 
346 476 435 
345 472 435 
342 467 435 
342 471 435 
345 476 435 
345 473 435 
343 468 435 
342 470 435 
344 474 435 
346 474 435 
343 469 434 
341 467 435 
343 474 435 
345 475 435 
344 471 435 
341 467 434 
342 471 435 
345 476 435 
345 472 435 
341 467 434 
342 471 435 
346 475 435 
345 472 435 
341 468 434 
342 471 434 
345 475 435 
345 472 434 
343 467 434 
343 470 435 
345 474 435 
346 474 435 
343 468 434 
341 467 434 
342 472 434 
345 475 435 
345 472 435 
342 467 434 
342 469 434 
344 474 435 
345 473 434 
343 468 434 
341 467 434 
342 471 434 
345 475 435 
344 471 434 
342 467 434 
342 470 434 
344 474 434 
345 472 434 
343 468 434 
341 468 434 
344 473 434 
345 474 434 
345 469 434 
341 466 434 
342 470 434 
345 474 434 
344 472 434 
342 466 434 
342 469 434 
344 473 434 
