353 514 466 
351 511 466 
349 510 465 
350 512 466 
350 514 466 
352 517 466 
353 518 466 
353 515 466 
351 512 465 
349 510 465 
350 513 466 
352 517 466 
353 518 466 
354 516 466 
352 514 465 
351 511 465 
349 510 465 
349 512 466 
351 516 466 
353 518 466 
354 518 466 
353 515 466 
351 511 465 
349 510 465 
348 510 465 
350 513 466 
352 516 466 
353 517 466 
353 516 466 
353 514 465 
351 510 465 
350 510 465 
350 511 465 
351 514 466 
354 516 466 
354 517 466 
353 514 465 
351 510 465 
349 509 465 
349 511 465 
350 513 466 
352 516 466 
353 517 466 
354 517 466 
354 514 465 
351 510 465 
349 509 465 
349 510 465 
350 513 465 
352 516 466 
353 517 466 
353 515 466 
352 513 465 
350 510 465 
349 509 465 
350 511 465 
351 515 466 
353 517 466 
354 515 465 
353 513 465 
350 508 465 
349 510 465 
351 515 465 
353 517 465 
355 515 465 
353 512 465 
350 508 465 
350 510 465 
351 515 465 
353 517 465 
354 514 465 
351 510 465 
349 509 465 
350 511 465 
352 515 465 
354 516 465 
353 513 465 
350 510 465 
350 510 465 
351 513 465 
353 516 465 
354 515 465 
352 510 465 
350 508 465 
350 511 465 
352 515 465 
354 516 465 
353 513 465 
351 509 464 
349 508 464 
350 511 465 
353 515 465 
354 516 465 
353 512 465 
351 509 464 
350 510 465 
352 514 465 
354 516 465 
353 513 465 
351 509 464 
350 508 464 
350 511 465 
353 515 465 
354 516 465 
353 512 465 
351 509 464 
350 508 464 
351 512 464 
353 515 465 
355 516 465 
353 512 464 
351 509 464 
350 508 464 
351 512 464 
353 516 465 
353 514 464 
353 511 464 
350 508 464 
350 509 464 
351 513 464 
353 515 465 
354 514 464 
352 509 464 
350 508 464 
349 509 464 
352 512 464 
353 515 464 
355 516 464 
354 512 464 
349 509 464 
350 507 464 
350 509 464 
351 511 464 
353 514 464 
354 515 464 
354 513 464 
351 509 464 
350 507 463 
350 509 464 
350 511 464 
353 514 464 
354 515 464 
353 512 464 
351 508 464 
350 508 463 
350 511 464 
352 514 464 
354 516 464 
354 513 464 
352 509 463 
350 508 463 
350 509 463 
351 511 464 
352 514 464 
354 515 464 
353 512 464 
351 509 463 
351 507 463 
350 509 463 
351 512 464 
353 514 464 
354 515 464 
354 512 464 
352 508 463 
352 507 463 
350 509 463 
351 511 463 
353 514 464 
354 515 464 
353 513 463 
352 509 463 
350 507 463 
349 507 463 
350 510 463 
352 514 463 
353 515 464 
354 515 463 
353 512 463 
352 509 463 
352 509 463 
350 507 463 
350 509 463 
350 511 463 
353 514 463 
354 515 463 
354 515 463 
353 512 463 
352 509 463 
351 508 463 
350 507 463 
350 508 463 
350 510 463 
351 511 463 
353 514 463 
354 514 463 
354 514 463 
352 513 463 
353 512 463 
352 509 463 
351 508 463 
