280 356 304 
281 357 304 
283 357 304 
280 353 303 
278 350 303 
278 350 303 
277 349 303 
277 349 303 
278 352 304 
278 353 304 
278 354 304 
279 356 304 
280 356 304 
279 355 304 
280 356 304 
280 356 304 
280 356 304 
280 355 304 
280 356 304 
281 357 304 
280 354 304 
280 354 304 
279 353 304 
279 352 304 
279 352 304 
279 352 304 
279 351 304 
279 352 304 
279 352 304 
279 352 304 
279 352 304 
279 352 304 
279 353 304 
280 353 304 
280 353 304 
280 353 304 
280 353 304 
279 353 304 
280 352 304 
280 356 305 
280 355 305 
280 355 305 
280 355 305 
280 355 305 
280 355 305 
280 355 305 
279 354 305 
279 354 305 
279 354 305 
279 354 305 
280 353 305 
280 353 305 
280 353 305 
279 353 305 
279 353 305 
281 354 305 
280 354 305 
280 354 305 
280 354 305 
280 354 305 
276 354 305 
279 354 305 
280 354 305 
279 352 305 
279 351 305 
279 351 305 
279 350 305 
278 347 305 
278 347 305 
277 347 305 
277 347 305 
275 347 305 
276 346 304 
276 346 305 
277 346 305 
276 345 305 
276 347 305 
277 348 305 
277 349 305 
277 349 305 
278 350 305 
279 352 305 
279 352 305 
279 352 306 
280 353 306 
280 353 306 
280 353 306 
280 353 306 
279 352 305 
279 351 305 
279 350 305 
280 350 305 
279 349 305 
278 349 305 
278 346 305 
277 346 305 
277 346 305 
277 346 305 
276 345 305 
275 345 305 
276 345 305 
277 345 305 
277 345 305 
277 346 305 
277 347 306 
277 347 306 
277 348 305 
278 348 306 
278 348 306 
278 348 306 
278 349 306 
278 349 306 
278 349 306 
278 349 306 
278 351 306 
280 352 306 
279 351 306 
279 351 306 
280 352 306 
280 352 306 
280 353 306 
280 350 306 
279 349 306 
280 348 306 
277 345 306 
277 346 306 
277 344 306 
276 344 306 
276 344 306 
277 346 306 
277 347 306 
278 348 306 
278 348 306 
279 351 306 
280 351 306 
279 350 307 
280 351 307 
280 351 307 
280 350 306 
279 348 306 
279 347 306 
278 347 306 
277 344 306 
277 343 306 
277 344 306 
277 343 306 
277 343 306 
276 343 306 
276 343 306 
277 345 307 
277 346 306 
277 347 307 
277 346 307 
278 347 307 
278 347 307 
279 349 307 
279 350 307 
280 350 307 
280 350 307 
280 351 307 
280 350 307 
281 351 307 
279 347 307 
279 346 307 
277 344 306 
277 344 306 
277 343 306 
276 342 306 
277 346 306 
277 347 307 
278 348 307 
279 350 307 
279 350 307 
280 351 307 
280 351 307 
280 349 307 
279 347 306 
277 344 306 
277 344 306 
276 343 306 
276 344 307 
277 347 307 
278 347 306 
279 350 307 
279 350 307 
280 351 307 
280 351 307 
280 351 307 
280 351 307 
280 349 306 
280 348 307 
279 346 306 
278 344 306 
277 344 306 
279 343 306 
277 343 306 
277 343 306 
277 343 306 
277 345 306 
278 346 306 
