344 573 487 
344 573 487 
344 574 487 
346 574 487 
345 573 487 
344 574 487 
345 574 487 
345 575 487 
345 575 487 
346 575 487 
346 576 488 
346 577 488 
346 577 487 
346 577 487 
347 577 488 
347 577 488 
346 577 488 
348 578 488 
348 578 488 
349 578 488 
349 578 488 
349 577 488 
348 577 487 
349 576 488 
348 575 488 
348 576 487 
347 575 487 
348 574 487 
346 572 487 
346 572 487 
346 571 487 
345 572 487 
344 570 487 
345 570 487 
344 571 487 
344 571 487 
344 571 487 
342 572 487 
345 573 487 
345 573 487 
345 574 487 
346 577 487 
347 577 488 
347 577 488 
348 578 488 
348 578 487 
348 578 488 
348 576 487 
348 576 487 
348 575 487 
348 576 487 
348 575 487 
348 575 487 
348 575 487 
348 575 487 
348 574 487 
347 572 487 
347 571 487 
346 572 487 
346 572 487 
345 571 487 
345 570 487 
345 570 487 
345 570 487 
344 570 487 
344 572 487 
345 572 487 
345 573 487 
345 574 487 
348 576 487 
347 577 487 
348 576 487 
348 576 487 
348 577 487 
348 578 487 
348 578 487 
348 577 487 
349 578 487 
348 576 487 
348 576 487 
348 575 487 
348 575 487 
347 574 487 
347 571 487 
346 571 487 
346 571 487 
345 570 487 
345 570 487 
344 571 487 
345 573 487 
346 575 487 
347 576 487 
348 577 487 
349 577 487 
349 576 487 
349 577 487 
349 575 487 
348 574 487 
348 574 487 
349 573 487 
346 571 487 
346 570 487 
345 571 487 
345 570 487 
344 569 487 
344 569 487 
345 569 487 
344 571 487 
345 572 487 
345 572 487 
345 573 487 
346 574 487 
348 575 487 
347 576 487 
347 575 487 
348 577 487 
348 577 487 
350 576 487 
349 575 487 
349 574 487 
348 573 487 
347 571 487 
346 570 487 
347 570 487 
345 569 487 
345 569 487 
345 569 487 
344 569 487 
345 571 487 
345 571 487 
345 572 487 
345 573 487 
346 574 487 
347 575 487 
347 575 487 
347 575 487 
348 577 487 
349 576 487 
348 575 487 
348 574 487 
348 573 487 
347 570 486 
346 570 487 
345 569 486 
345 569 486 
344 569 486 
344 570 487 
345 571 487 
345 571 487 
346 572 487 
346 575 487 
347 575 487 
349 576 487 
350 576 487 
349 576 487 
348 573 487 
348 572 487 
347 569 487 
346 570 487 
345 568 487 
344 568 487 
345 571 487 
346 572 487 
347 575 487 
347 574 487 
348 575 487 
348 575 487 
349 575 487 
349 575 487 
349 574 487 
348 573 487 
348 572 487 
348 571 487 
347 569 487 
346 569 487 
345 568 487 
345 568 487 
345 567 487 
344 569 487 
345 569 487 
345 570 487 
345 571 487 
346 571 487 
348 574 488 
348 573 487 
349 575 488 
350 574 487 
349 573 488 
348 572 487 
349 570 487 
347 568 487 
346 568 487 
345 567 487 
345 566 487 
345 569 487 
346 570 487 
347 573 487 
348 573 488 
349 574 488 
349 574 488 
