314 397 359 
313 399 360 
314 400 360 
315 402 360 
316 403 360 
317 405 360 
318 404 360 
318 405 360 
317 403 360 
317 402 360 
316 400 360 
315 398 359 
315 398 359 
313 396 359 
313 397 359 
313 398 359 
314 399 360 
314 400 360 
314 400 360 
315 403 360 
316 403 360 
316 403 360 
317 404 360 
318 404 360 
318 402 360 
317 401 360 
316 398 359 
315 398 359 
314 397 359 
314 396 359 
313 399 360 
314 400 360 
315 403 360 
316 403 360 
317 404 360 
317 402 360 
317 401 360 
316 398 359 
314 397 359 
313 396 359 
313 398 360 
313 400 360 
316 402 360 
317 403 360 
317 402 359 
316 399 360 
314 397 360 
313 395 359 
312 397 360 
313 398 360 
315 402 360 
316 402 360 
317 403 360 
317 402 360 
316 400 360 
314 397 359 
313 396 359 
312 396 359 
313 398 360 
313 400 360 
315 402 360 
316 402 360 
317 403 360 
318 404 360 
317 401 360 
316 400 360 
315 397 359 
314 397 359 
313 396 359 
313 396 359 
313 398 360 
314 399 360 
316 402 360 
317 404 360 
318 404 360 
316 401 360 
315 397 359 
314 397 359 
313 396 359 
313 398 359 
314 400 360 
316 402 360 
317 403 360 
317 402 360 
317 401 360 
316 398 359 
314 397 359 
313 395 359 
313 397 359 
314 400 359 
316 402 360 
317 403 360 
317 402 359 
316 400 359 
314 397 359 
313 395 359 
313 396 359 
313 397 359 
313 399 359 
314 400 359 
314 402 359 
315 402 360 
316 402 360 
317 402 360 
316 403 360 
317 403 360 
317 403 360 
317 401 359 
317 401 359 
316 399 359 
314 396 359 
313 396 359 
314 397 359 
313 398 359 
315 402 360 
316 402 360 
317 403 359 
318 403 359 
316 401 359 
316 399 359 
315 397 359 
314 397 359 
314 397 359 
313 396 359 
312 396 359 
313 396 359 
313 397 359 
313 398 359 
313 399 359 
314 401 359 
315 402 359 
315 402 359 
316 403 360 
316 403 359 
317 403 359 
314 401 359 
315 400 359 
314 399 359 
314 399 359 
313 396 359 
312 396 359 
312 396 359 
311 395 359 
311 395 359 
310 394 359 
312 396 359 
311 397 359 
312 398 359 
312 399 359 
315 401 359 
314 401 359 
315 402 359 
316 402 359 
314 400 359 
315 400 359 
314 397 359 
313 395 359 
312 395 359 
312 395 359 
312 396 359 
313 398 359 
312 400 359 
314 401 359 
315 402 359 
315 402 359 
316 400 359 
315 399 359 
313 395 359 
312 394 359 
311 394 359 
312 397 359 
315 401 359 
315 401 359 
313 402 359 
316 402 359 
316 403 359 
316 401 359 
316 400 359 
316 400 359 
314 399 359 
316 399 359 
315 398 359 
314 396 359 
313 396 359 
312 394 358 
312 395 358 
312 395 359 
313 397 359 
313 399 359 
314 401 359 
315 401 359 
316 403 359 
316 402 359 
313 402 359 
317 402 359 
316 402 359 
316 400 359 
317 400 359 
316 400 359 
316 399 359 
