285 349 331 
282 349 330 
282 349 331 
281 349 331 
283 349 331 
285 349 331 
286 348 331 
285 349 331 
284 348 331 
283 349 330 
282 348 330 
283 348 330 
283 348 331 
285 349 331 
286 348 331 
285 348 331 
284 348 330 
282 348 330 
282 348 330 
283 348 330 
285 348 331 
286 348 331 
286 348 331 
284 348 331 
282 348 330 
282 348 330 
283 348 330 
285 348 331 
286 348 331 
285 348 331 
283 348 330 
282 348 330 
282 348 330 
283 347 330 
285 347 331 
286 347 331 
285 347 330 
283 347 330 
282 347 330 
282 347 330 
284 347 331 
285 347 331 
286 347 331 
285 346 330 
282 346 330 
282 346 330 
281 346 330 
284 346 330 
285 346 331 
286 346 331 
285 346 331 
284 346 331 
282 346 330 
282 346 330 
282 346 330 
283 346 330 
285 346 331 
286 346 331 
285 346 330 
283 346 330 
282 346 330 
282 345 330 
284 346 330 
286 346 331 
286 345 331 
285 345 330 
283 345 330 
282 345 330 
281 345 330 
283 345 330 
284 345 331 
286 345 331 
285 346 331 
283 345 330 
281 345 330 
282 345 330 
284 345 331 
286 345 331 
285 345 330 
284 345 330 
281 345 330 
282 345 330 
284 345 331 
285 345 330 
286 345 331 
284 345 330 
282 345 330 
282 345 330 
283 345 330 
286 345 330 
286 345 330 
284 345 330 
282 345 330 
282 345 330 
281 345 330 
283 345 330 
286 345 330 
286 345 330 
286 345 331 
284 345 330 
284 344 330 
282 345 330 
283 345 330 
281 344 330 
281 344 330 
282 345 330 
284 345 330 
285 344 330 
284 344 330 
286 345 330 
286 345 330 
285 344 330 
284 345 330 
282 345 330 
281 345 330 
282 345 330 
283 345 330 
285 345 330 
286 345 330 
284 344 330 
283 344 330 
282 344 330 
282 344 330 
283 344 330 
284 344 330 
285 344 330 
282 344 330 
284 344 330 
283 344 330 
282 344 330 
281 344 329 
282 344 330 
283 344 330 
285 344 330 
286 344 330 
285 344 330 
285 344 330 
282 344 329 
282 344 329 
282 344 329 
282 344 329 
283 344 329 
283 344 330 
285 344 330 
286 344 330 
285 344 330 
285 345 330 
286 344 330 
285 344 330 
286 345 330 
286 344 330 
285 344 329 
285 345 329 
284 344 329 
284 344 329 
282 344 329 
282 344 329 
282 344 329 
282 345 329 
283 345 329 
283 345 329 
285 345 329 
286 345 329 
286 345 329 
284 345 329 
282 345 329 
282 345 329 
281 345 329 
282 345 329 
283 345 329 
285 345 329 
284 344 329 
286 345 329 
287 345 329 
284 344 329 
284 344 329 
282 344 329 
280 344 329 
281 344 329 
281 344 329 
283 344 329 
283 344 329 
285 344 329 
285 344 329 
285 344 329 
285 344 329 
282 344 329 
282 344 329 
281 344 329 
281 343 329 
282 343 329 
283 343 329 
285 343 329 
286 343 329 
286 343 329 
285 343 329 
284 343 329 
282 343 329 
281 343 329 
281 343 329 
