283 381 339 
285 381 340 
286 381 339 
287 381 340 
285 381 339 
284 380 339 
283 380 339 
283 380 339 
284 380 340 
286 380 340 
287 380 340 
286 380 339 
283 380 339 
283 380 339 
283 380 339 
286 379 340 
287 380 340 
286 379 339 
285 379 339 
283 379 339 
283 379 339 
285 378 339 
286 378 340 
288 378 340 
285 378 339 
284 378 339 
283 378 339 
283 378 339 
284 377 339 
286 377 339 
287 377 340 
286 377 339 
283 377 339 
283 377 339 
284 377 340 
286 377 340 
286 377 340 
285 377 340 
283 377 339 
282 377 339 
284 377 340 
286 377 340 
287 377 340 
286 377 339 
283 377 339 
283 377 339 
286 377 340 
287 377 340 
286 377 340 
282 377 339 
283 377 340 
284 377 340 
286 376 340 
287 376 340 
287 376 340 
285 376 340 
283 376 339 
284 376 340 
287 375 340 
287 376 340 
285 376 340 
283 376 339 
284 376 340 
286 376 340 
287 376 340 
286 376 340 
284 376 340 
283 376 340 
285 376 340 
287 376 340 
286 376 340 
284 376 340 
283 376 340 
284 376 340 
287 376 340 
287 375 340 
286 375 340 
285 375 340 
284 375 339 
283 375 340 
284 375 340 
286 375 340 
287 374 340 
286 374 340 
283 375 339 
283 375 339 
284 374 340 
286 374 340 
287 374 339 
286 374 340 
284 375 339 
283 374 339 
283 374 339 
284 374 340 
286 374 340 
286 374 340 
285 374 339 
283 374 339 
282 374 339 
284 374 339 
286 374 340 
287 375 340 
286 374 339 
285 374 339 
283 374 339 
283 374 339 
286 374 340 
287 374 340 
286 374 340 
284 374 339 
283 374 339 
284 374 339 
287 374 340 
287 374 340 
287 374 339 
285 374 339 
284 373 339 
283 373 339 
285 373 340 
286 374 339 
287 374 339 
286 373 339 
284 374 339 
283 373 339 
284 373 339 
285 373 339 
286 373 339 
288 373 339 
287 373 339 
286 373 339 
286 373 339 
284 373 339 
284 373 339 
283 373 339 
283 372 339 
284 373 339 
284 373 339 
286 373 339 
287 373 339 
287 373 339 
286 373 339 
286 373 339 
284 373 339 
283 372 339 
282 373 339 
284 372 339 
287 372 339 
287 372 339 
287 372 339 
286 372 339 
286 372 339 
284 372 339 
283 372 339 
284 372 339 
284 372 339 
286 372 339 
287 372 339 
287 371 339 
286 371 339 
284 371 339 
284 371 339 
283 371 339 
285 371 339 
286 371 339 
287 371 339 
287 371 339 
286 371 339 
284 371 339 
283 370 339 
283 371 339 
284 370 339 
286 370 339 
287 370 339 
288 370 339 
285 370 339 
284 370 338 
283 370 338 
284 370 339 
285 370 339 
287 370 339 
287 371 339 
287 370 339 
286 370 339 
284 370 338 
284 370 338 
283 369 338 
285 370 338 
285 369 339 
286 370 339 
287 369 339 
286 370 339 
285 370 338 
284 370 338 
283 369 338 
283 370 338 
285 370 338 
287 370 339 
287 370 339 
286 370 339 
285 369 338 
