325 358 350 
324 356 350 
323 354 350 
322 353 350 
322 354 350 
322 355 350 
323 358 350 
324 359 350 
325 359 350 
325 359 350 
325 358 350 
324 357 350 
324 356 350 
323 353 350 
323 354 350 
322 352 350 
321 352 350 
322 355 350 
323 356 350 
324 358 350 
326 359 350 
325 358 350 
324 356 350 
322 354 349 
321 353 349 
321 354 350 
323 356 350 
324 358 350 
324 358 350 
325 360 350 
325 359 350 
325 358 350 
325 357 349 
324 356 349 
323 354 349 
323 354 349 
322 353 349 
322 354 350 
322 356 350 
324 358 350 
325 359 350 
325 358 350 
324 356 349 
323 353 349 
322 352 349 
322 354 350 
324 358 350 
325 359 350 
323 357 350 
324 356 350 
323 353 349 
321 352 349 
322 354 350 
323 358 350 
325 359 350 
325 357 350 
325 355 350 
323 353 350 
322 352 349 
322 354 350 
323 357 350 
325 359 350 
326 359 350 
325 356 350 
323 352 350 
322 351 349 
321 352 350 
322 354 349 
324 356 350 
325 358 350 
325 358 350 
324 356 350 
323 353 349 
322 352 349 
323 354 350 
324 357 350 
326 359 350 
325 357 350 
325 356 349 
325 353 349 
322 352 349 
323 353 349 
323 355 350 
324 358 350 
325 358 350 
325 357 350 
324 354 349 
323 352 349 
322 351 349 
322 355 349 
324 357 350 
326 359 350 
325 355 349 
323 352 349 
322 352 349 
322 354 349 
324 357 350 
325 359 350 
325 356 349 
323 352 349 
322 352 349 
322 354 349 
323 357 350 
324 357 350 
326 358 350 
326 357 350 
324 355 349 
323 353 349 
322 352 349 
322 353 349 
323 355 349 
324 357 350 
326 359 350 
325 357 350 
325 355 349 
323 352 349 
322 351 349 
322 352 349 
323 354 349 
325 357 350 
325 358 350 
326 358 350 
326 356 349 
325 354 349 
324 352 349 
324 351 349 
322 351 349 
323 353 349 
323 355 349 
324 357 350 
325 358 350 
326 358 350 
326 358 350 
325 356 349 
325 356 349 
325 355 349 
324 354 349 
324 352 349 
323 352 349 
323 351 349 
322 351 349 
322 353 349 
323 354 349 
323 355 349 
325 357 349 
326 358 349 
326 359 350 
326 356 349 
325 355 349 
324 352 349 
323 352 349 
323 351 349 
322 351 349 
322 353 349 
323 354 349 
324 357 349 
325 357 349 
325 358 349 
326 357 349 
325 355 349 
324 352 349 
322 351 349 
323 353 349 
323 354 349 
324 357 349 
326 357 349 
326 359 349 
327 359 349 
326 356 349 
325 355 349 
324 353 348 
324 353 348 
323 351 348 
322 351 348 
323 353 348 
323 354 349 
325 355 349 
325 357 349 
326 358 349 
326 358 349 
326 357 349 
326 355 349 
324 352 349 
323 351 348 
323 351 348 
323 353 349 
323 355 349 
325 357 349 
326 358 349 
326 357 349 
326 355 349 
324 352 349 
323 351 349 
323 353 349 
325 357 349 
326 358 349 
326 356 349 
326 354 349 
324 352 349 
323 351 348 
