293 321 320 
294 325 320 
295 328 321 
295 327 320 
294 323 320 
293 322 320 
293 324 320 
295 328 321 
296 328 320 
294 323 320 
293 322 320 
293 324 320 
295 328 320 
296 329 320 
295 324 320 
293 322 320 
294 325 320 
295 328 320 
296 327 320 
294 323 320 
292 321 320 
295 328 320 
295 329 320 
295 325 320 
293 322 320 
293 325 320 
296 329 320 
295 326 320 
293 322 320 
293 324 320 
294 327 320 
296 327 320 
293 323 320 
293 323 320 
294 327 320 
295 327 320 
293 322 320 
293 323 320 
295 327 320 
295 326 320 
293 321 320 
293 324 320 
295 328 320 
295 325 320 
293 321 320 
294 328 320 
295 326 320 
293 321 320 
293 325 320 
295 328 320 
294 323 320 
292 321 320 
294 327 320 
293 329 320 
293 322 320 
293 323 320 
295 327 320 
295 326 320 
293 321 320 
293 324 320 
295 328 320 
295 323 320 
292 321 320 
295 327 320 
295 326 320 
293 321 320 
293 324 320 
295 328 320 
293 321 320 
292 322 320 
295 328 320 
295 324 320 
292 321 320 
295 327 320 
294 325 320 
293 321 320 
294 327 320 
295 325 320 
293 321 320 
294 327 320 
295 326 320 
293 321 320 
293 324 320 
295 328 320 
294 321 320 
292 322 320 
294 326 320 
294 325 320 
293 321 320 
294 327 320 
294 326 320 
293 322 320 
292 323 320 
295 327 320 
294 323 320 
291 320 319 
294 327 320 
294 325 320 
292 321 320 
293 324 320 
295 327 320 
293 322 320 
291 320 319 
294 327 320 
295 326 320 
292 320 319 
290 324 320 
298 328 320 
294 322 320 
294 323 320 
296 327 320 
294 325 320 
292 321 319 
294 327 320 
295 326 320 
293 322 319 
293 324 320 
295 328 320 
294 323 320 
291 321 319 
294 326 320 
295 325 320 
292 321 319 
294 327 320 
295 328 319 
293 323 319 
292 324 319 
295 328 319 
293 323 319 
291 321 319 
294 328 319 
295 327 319 
293 323 319 
292 324 319 
294 327 319 
295 326 319 
292 322 319 
292 325 319 
295 329 319 
294 325 319 
292 322 319 
294 328 319 
295 327 319 
293 323 319 
293 324 319 
294 328 319 
295 326 319 
293 322 319 
294 325 319 
295 328 319 
294 325 319 
292 322 319 
293 326 319 
295 328 319 
293 322 319 
291 321 319 
294 328 319 
295 327 319 
293 322 319 
293 324 319 
295 328 319 
294 325 319 
292 322 319 
293 325 319 
295 329 319 
294 325 319 
292 322 318 
293 325 319 
294 328 319 
295 328 319 
293 322 319 
295 322 319 
295 326 319 
295 329 319 
296 327 319 
295 324 319 
293 323 319 
295 328 319 
296 329 319 
297 327 319 
294 323 319 
293 323 319 
293 326 319 
295 328 319 
295 328 319 
293 323 318 
292 323 318 
293 326 318 
294 329 319 
295 328 319 
293 324 318 
292 323 318 
292 325 318 
294 329 319 
295 330 318 
294 327 318 
293 324 318 
292 323 318 
293 325 318 
295 327 318 
