343 388 352 
343 389 351 
343 388 351 
344 391 352 
345 391 352 
345 392 352 
344 392 352 
345 392 352 
345 395 352 
346 395 352 
346 395 352 
346 395 352 
347 397 352 
347 396 352 
347 396 352 
347 396 352 
347 396 352 
347 394 352 
348 394 352 
346 393 352 
346 392 352 
345 390 352 
345 389 352 
344 389 352 
343 388 352 
343 388 352 
343 389 352 
344 389 352 
343 391 352 
344 392 352 
345 394 353 
346 393 353 
347 395 353 
347 395 353 
347 395 353 
348 395 353 
347 393 353 
346 392 352 
346 391 352 
345 389 352 
345 388 352 
344 388 352 
344 388 352 
344 387 352 
343 387 352 
342 387 352 
343 389 353 
343 390 352 
344 391 353 
345 393 353 
346 394 353 
346 394 353 
347 395 353 
347 395 353 
347 395 353 
347 393 353 
347 393 353 
346 392 352 
345 391 352 
345 389 352 
344 388 352 
345 389 352 
343 387 352 
343 387 352 
343 388 352 
342 387 352 
343 389 352 
343 390 352 
344 391 352 
345 394 352 
346 394 352 
346 396 353 
346 395 352 
347 396 353 
346 393 352 
346 391 352 
344 389 352 
343 387 352 
342 388 352 
342 389 352 
343 391 352 
345 394 353 
346 395 353 
346 395 353 
346 393 353 
346 392 352 
345 391 352 
344 388 352 
343 388 352 
342 387 352 
341 386 352 
342 388 353 
344 390 353 
345 394 353 
346 394 353 
344 395 353 
347 391 353 
344 389 352 
343 388 353 
342 386 352 
342 386 352 
342 389 353 
343 390 353 
344 393 353 
345 393 353 
346 394 353 
346 394 353 
348 394 353 
352 394 353 
354 393 353 
343 389 353 
343 387 353 
353 389 353 
339 385 353 
343 386 353 
343 387 353 
343 388 353 
343 389 353 
343 392 354 
345 392 354 
345 392 354 
346 393 354 
346 392 354 
347 393 354 
346 391 354 
345 390 354 
345 388 354 
343 385 354 
343 385 354 
342 384 354 
342 384 354 
341 384 354 
342 386 354 
342 387 354 
343 389 354 
344 390 355 
345 391 355 
345 391 355 
344 388 354 
343 384 354 
342 383 354 
341 385 354 
342 387 355 
344 389 355 
345 390 355 
344 387 355 
341 383 355 
341 382 355 
341 384 355 
342 385 355 
343 388 355 
344 389 355 
344 387 355 
344 386 355 
342 382 355 
341 381 355 
342 381 355 
341 383 355 
341 385 355 
343 387 356 
345 388 356 
345 388 356 
345 386 356 
344 384 355 
342 381 356 
340 380 355 
341 382 356 
342 385 356 
344 386 356 
344 387 356 
344 385 356 
343 382 356 
342 380 356 
341 379 356 
341 381 357 
344 385 357 
344 386 357 
345 386 357 
344 382 357 
343 379 357 
341 378 356 
340 377 356 
341 380 357 
343 383 357 
344 384 357 
344 385 357 
345 384 357 
344 382 357 
343 379 357 
342 378 357 
341 377 357 
341 378 357 
342 380 357 
344 383 358 
345 384 358 
344 382 358 
344 378 358 
342 377 358 
340 375 357 
341 378 358 
