311 363 331 
311 363 331 
310 363 331 
310 363 331 
311 363 331 
311 363 331 
311 363 331 
311 363 331 
310 361 331 
310 361 331 
310 361 331 
310 361 331 
310 360 330 
310 360 330 
310 360 331 
309 359 330 
309 359 330 
309 359 330 
308 358 330 
308 357 330 
307 356 330 
305 356 330 
307 356 330 
306 356 330 
306 355 330 
306 355 330 
305 354 330 
306 355 330 
305 355 330 
303 355 330 
306 355 330 
306 355 330 
306 355 330 
306 355 330 
306 355 330 
306 355 330 
306 355 330 
306 356 330 
306 355 330 
306 355 330 
306 355 330 
305 355 330 
306 356 330 
306 356 330 
307 357 330 
306 357 330 
306 357 330 
306 357 330 
306 357 330 
308 358 330 
307 357 330 
308 358 330 
306 358 330 
305 357 330 
306 357 330 
306 357 330 
307 357 330 
306 357 330 
305 357 330 
306 357 330 
305 357 330 
306 357 330 
305 357 330 
306 357 330 
306 357 330 
307 358 330 
306 358 330 
306 358 330 
306 360 331 
307 360 330 
307 361 330 
307 360 330 
307 360 330 
308 360 331 
308 362 331 
308 361 331 
308 362 330 
308 361 330 
308 362 331 
309 362 330 
308 362 331 
308 362 331 
309 362 331 
309 362 330 
309 362 331 
310 362 331 
307 361 331 
309 362 331 
311 363 331 
309 362 330 
306 362 331 
309 362 330 
308 362 331 
309 362 330 
309 362 330 
311 362 331 
308 362 331 
306 361 331 
307 360 331 
305 360 331 
308 360 331 
306 360 331 
306 359 331 
306 357 330 
306 356 330 
305 356 330 
305 356 330 
305 356 330 
306 356 330 
304 356 330 
305 355 330 
304 355 330 
304 355 330 
305 355 330 
305 356 330 
304 356 330 
304 355 330 
305 356 330 
305 356 330 
306 357 330 
305 357 330 
305 358 331 
306 360 330 
307 360 331 
307 360 331 
308 361 331 
307 361 330 
308 362 330 
307 361 330 
308 361 331 
308 361 331 
309 361 331 
308 361 331 
308 361 331 
308 362 331 
308 361 330 
308 362 331 
308 362 330 
309 362 330 
308 362 330 
308 361 330 
308 360 330 
307 360 330 
308 359 330 
307 359 330 
307 359 330 
307 359 330 
307 358 330 
307 358 330 
307 358 330 
306 357 330 
307 358 330 
307 358 330 
307 359 330 
307 359 330 
308 359 330 
308 360 330 
308 360 330 
308 360 330 
307 359 330 
307 359 330 
307 358 330 
307 358 330 
308 359 330 
307 358 330 
307 359 330 
307 359 330 
306 359 330 
307 359 330 
307 359 330 
307 359 330 
308 359 330 
307 359 330 
307 359 330 
307 359 330 
307 359 330 
307 359 330 
308 359 330 
307 359 330 
308 359 330 
307 359 330 
307 359 330 
306 359 330 
307 358 330 
306 358 329 
306 357 330 
305 356 329 
305 356 329 
301 356 329 
305 356 329 
304 356 329 
304 356 329 
304 355 329 
305 355 329 
304 355 329 
304 355 329 
304 355 329 
304 355 329 
303 355 329 
303 355 329 
