295 894 151 
323 901 153 
319 902 152 
324 908 153 
303 881 151 
310 878 150 
266 444 135 
246 376 135 
235 348 134 
217 340 134 
210 318 134 
214 254 132 
254 502 143 
267 622 146 
270 714 149 
266 599 147 
263 546 147 
266 620 149 
267 578 148 
267 561 148 
267 537 148 
266 450 146 
266 519 149 
265 407 146 
265 253 143 
265 188 142 
265 122 141 
265 75 140 
266 58 140 
267 63 141 
266 117 142 
268 119 142 
269 251 146 
270 317 147 
272 377 150 
271 448 152 
271 515 154 
271 631 157 
271 595 157 
268 546 156 
268 497 154 
267 371 152 
267 270 149 
268 331 152 
266 68 146 
267 56 147 
268 107 148 
270 164 149 
272 382 155 
273 624 161 
273 691 163 
271 575 160 
270 507 159 
269 376 157 
268 280 154 
273 416 158 
269 49 150 
269 151 153 
272 229 155 
273 319 157 
275 487 161 
274 700 167 
272 566 164 
273 571 165 
273 625 166 
268 186 156 
269 61 154 
271 65 154 
272 130 156 
273 311 160 
275 471 164 
275 593 168 
274 592 168 
273 519 166 
271 394 164 
271 298 162 
270 184 159 
270 107 158 
272 107 158 
272 115 159 
274 199 161 
274 306 164 
276 408 166 
275 512 169 
276 611 172 
275 594 172 
274 551 171 
272 394 168 
271 271 164 
271 204 163 
276 335 167 
274 281 166 
276 532 173 
273 488 172 
274 575 174 
273 546 174 
272 374 170 
271 203 166 
270 55 163 
271 89 164 
277 335 170 
272 333 170 
275 526 175 
274 588 176 
273 504 175 
272 315 171 
270 140 166 
272 85 166 
273 152 167 
275 297 171 
276 439 175 
277 566 178 
275 604 179 
275 575 179 
273 470 176 
272 334 173 
272 212 171 
271 102 169 
273 127 170 
273 150 170 
274 251 173 
275 353 175 
276 473 179 
276 592 182 
275 626 183 
274 575 182 
272 401 178 
272 251 174 
268 122 172 
273 149 173 
274 282 176 
276 483 181 
276 677 185 
275 646 185 
273 481 181 
272 305 177 
270 158 174 
273 113 174 
273 168 175 
275 312 179 
276 461 183 
276 608 187 
275 662 188 
275 592 186 
272 384 181 
271 192 177 
272 126 176 
274 254 180 
276 464 185 
276 663 190 
275 631 189 
272 444 185 
271 220 179 
271 125 178 
274 266 182 
275 500 187 
275 656 191 
272 552 189 
272 306 183 
272 101 179 
272 184 181 
275 456 188 
275 661 193 
274 606 192 
272 377 186 
271 176 182 
272 131 181 
274 299 185 
276 508 190 
275 654 194 
274 578 192 
271 337 187 
272 126 182 
273 149 183 
275 441 190 
275 654 195 
274 572 193 
270 295 187 
271 120 183 
275 209 186 
275 538 194 
275 659 196 
272 481 192 
271 264 187 
271 260 188 
272 180 186 
274 410 191 
275 659 198 
274 582 196 
271 399 192 
270 175 187 
272 168 187 
274 436 193 
275 644 199 
274 621 199 
272 434 194 
271 297 191 
271 350 193 
275 402 195 
275 635 201 
