297 328 321 
297 328 321 
296 326 321 
295 326 321 
295 325 321 
296 329 321 
296 330 321 
297 332 322 
297 333 322 
297 332 322 
298 333 322 
298 333 322 
298 333 322 
297 331 322 
297 330 322 
297 329 322 
297 326 321 
295 325 321 
296 326 321 
296 328 322 
297 330 322 
298 331 322 
300 332 322 
297 330 322 
296 326 322 
296 325 322 
295 327 322 
297 329 322 
297 331 322 
298 332 322 
298 329 322 
296 326 322 
296 324 322 
295 324 322 
297 328 322 
298 330 322 
298 332 322 
299 331 322 
298 328 322 
297 326 322 
295 324 322 
295 325 322 
296 327 322 
297 330 322 
298 331 322 
298 329 322 
297 326 322 
296 325 321 
295 324 322 
296 328 322 
297 331 322 
298 332 322 
297 328 322 
297 326 322 
295 324 322 
295 324 321 
296 327 322 
296 330 322 
298 330 322 
298 332 322 
297 328 322 
298 329 322 
296 325 322 
295 325 322 
294 325 321 
295 326 321 
295 328 322 
296 330 322 
297 331 322 
297 329 322 
297 328 322 
295 325 322 
294 324 322 
294 326 322 
295 329 322 
297 331 322 
297 332 322 
296 327 322 
295 326 322 
294 324 322 
295 327 322 
296 330 322 
299 331 322 
298 329 322 
296 325 322 
295 324 322 
294 323 322 
295 327 322 
297 330 322 
298 331 322 
297 329 322 
296 325 322 
296 324 322 
295 325 322 
295 327 322 
297 330 322 
298 331 322 
297 328 322 
296 324 322 
295 324 322 
294 324 322 
295 327 322 
297 330 323 
298 330 322 
297 329 322 
297 326 322 
295 325 322 
295 324 322 
295 325 322 
295 327 322 
296 330 323 
297 329 322 
298 331 323 
298 329 322 
297 327 322 
296 325 322 
295 323 322 
294 324 322 
295 326 322 
296 330 322 
298 330 322 
298 331 323 
297 328 322 
296 324 322 
295 323 322 
294 324 322 
295 326 322 
296 330 322 
297 331 323 
298 331 323 
297 327 322 
296 325 322 
295 324 322 
295 325 322 
296 327 322 
297 330 322 
298 331 323 
298 329 322 
297 327 322 
296 325 322 
295 324 322 
295 324 322 
296 327 322 
297 330 322 
297 331 322 
298 331 322 
297 328 322 
296 325 322 
295 325 322 
296 324 322 
295 325 322 
296 327 322 
296 329 322 
298 331 323 
298 330 322 
297 328 322 
296 325 322 
295 325 322 
294 324 322 
295 325 322 
295 327 322 
296 329 323 
297 330 322 
298 331 323 
297 328 322 
296 324 322 
295 324 322 
294 323 322 
295 326 322 
297 330 322 
298 331 322 
298 331 322 
298 328 322 
297 327 322 
295 324 322 
295 324 322 
295 323 322 
296 326 322 
297 328 322 
297 329 322 
298 331 323 
297 330 323 
297 329 323 
297 328 322 
297 327 322 
296 324 322 
295 323 322 
294 324 322 
296 326 322 
296 327 322 
297 329 322 
297 331 322 
297 329 322 
296 327 322 
295 325 322 
295 323 322 
295 324 322 
295 327 322 
296 330 322 
297 331 322 
