352 533 476 
353 534 476 
353 533 476 
352 531 476 
351 527 475 
349 526 475 
349 526 475 
350 528 476 
350 530 476 
352 532 476 
353 534 476 
354 533 476 
354 531 476 
351 527 475 
350 526 475 
349 526 475 
349 528 476 
352 532 476 
352 532 476 
353 533 476 
353 531 476 
351 527 475 
349 526 475 
349 527 475 
350 529 476 
352 532 476 
353 533 476 
353 531 476 
350 526 475 
350 525 475 
349 527 475 
350 530 476 
352 532 476 
353 533 476 
353 531 475 
352 529 475 
351 527 475 
349 525 475 
350 527 475 
349 530 475 
353 532 476 
354 533 476 
353 530 475 
351 526 475 
350 525 475 
350 526 475 
350 529 475 
352 532 475 
353 532 476 
353 530 475 
351 526 475 
350 525 475 
349 525 475 
350 528 475 
352 531 475 
353 532 476 
353 530 475 
350 526 475 
349 525 475 
349 527 475 
351 531 475 
352 533 476 
354 532 475 
353 529 475 
350 526 475 
349 525 475 
349 527 475 
352 531 475 
353 532 475 
353 531 475 
354 529 475 
351 526 475 
350 525 475 
350 526 475 
351 528 475 
352 531 475 
354 532 475 
354 530 475 
353 528 475 
351 526 475 
351 524 475 
350 526 475 
351 528 475 
353 531 475 
354 532 475 
354 530 475 
352 526 474 
350 524 475 
350 526 475 
353 531 475 
354 532 475 
354 530 475 
352 526 474 
350 524 474 
351 527 475 
353 531 475 
355 532 475 
354 529 475 
352 525 474 
350 525 474 
351 527 474 
353 531 475 
354 532 475 
354 528 474 
351 525 474 
348 525 474 
351 529 474 
354 532 475 
355 530 475 
353 526 474 
351 524 474 
351 526 474 
352 529 475 
355 532 475 
355 532 475 
354 528 474 
352 525 474 
350 524 474 
351 527 474 
353 530 475 
355 532 475 
354 528 474 
351 525 474 
350 524 474 
351 526 474 
353 530 474 
354 531 474 
354 529 474 
353 525 474 
351 523 474 
350 524 474 
351 526 474 
353 530 474 
354 532 474 
354 530 474 
353 527 474 
351 525 474 
350 524 474 
350 526 474 
352 530 474 
352 531 474 
354 531 474 
353 528 474 
351 524 474 
350 523 473 
350 525 474 
349 527 474 
352 530 474 
354 531 474 
353 528 474 
350 525 473 
349 523 473 
351 526 474 
353 530 474 
354 531 474 
354 528 473 
351 524 473 
351 523 473 
351 527 473 
353 530 474 
355 531 474 
354 528 473 
351 524 473 
350 523 473 
352 527 473 
353 530 473 
355 531 474 
354 528 473 
351 524 473 
350 523 473 
351 525 473 
352 529 473 
354 531 474 
355 529 473 
354 527 473 
350 523 473 
350 525 473 
351 527 473 
354 531 474 
354 529 473 
353 527 473 
352 524 473 
349 522 473 
351 526 473 
353 529 473 
354 530 473 
353 527 473 
351 524 473 
350 522 473 
351 526 473 
354 530 473 
354 529 473 
353 524 473 
351 522 473 
351 525 473 
353 529 473 
355 530 473 
354 528 473 
352 524 473 
350 522 473 
