326 398 349 
326 398 349 
326 399 349 
326 397 349 
326 396 349 
325 396 349 
325 395 349 
324 392 349 
324 392 349 
323 391 348 
322 391 348 
322 391 349 
321 391 348 
322 393 349 
322 394 348 
324 395 349 
324 397 349 
324 398 349 
325 399 349 
326 399 349 
326 399 349 
326 397 349 
325 395 348 
324 393 348 
323 392 348 
322 391 348 
323 394 348 
324 398 348 
322 399 349 
326 400 349 
326 397 348 
324 393 348 
323 392 348 
322 393 348 
323 394 348 
324 396 348 
325 398 348 
326 400 348 
326 399 348 
326 397 348 
324 394 348 
325 394 348 
323 392 348 
322 393 348 
323 395 348 
325 396 348 
325 399 348 
325 400 348 
326 400 348 
327 399 348 
326 398 348 
326 397 348 
325 396 348 
325 395 348 
324 394 348 
325 394 348 
324 394 348 
323 392 348 
323 393 348 
323 394 348 
323 396 348 
324 399 348 
325 398 348 
326 400 348 
326 398 348 
326 397 348 
325 396 348 
324 394 348 
324 394 348 
323 392 348 
322 392 348 
323 395 348 
324 396 348 
325 399 348 
326 400 348 
327 400 348 
326 397 348 
325 394 348 
324 394 348 
323 392 348 
323 394 348 
323 396 348 
325 399 349 
326 399 348 
327 400 348 
326 397 348 
325 394 348 
325 394 348 
323 392 348 
323 392 348 
323 394 348 
324 396 348 
325 398 349 
326 399 349 
327 400 349 
326 397 349 
326 396 348 
325 393 348 
323 392 348 
323 393 348 
323 395 348 
325 398 349 
326 400 349 
327 398 349 
326 397 349 
325 393 348 
324 393 348 
322 392 348 
321 392 348 
323 394 349 
324 395 349 
325 398 349 
325 398 349 
326 399 349 
327 398 349 
327 396 349 
325 394 348 
324 393 348 
323 392 348 
323 393 349 
324 396 349 
325 397 349 
326 399 349 
326 396 349 
325 393 349 
324 392 348 
323 392 348 
323 393 349 
324 395 349 
325 398 349 
326 399 349 
327 399 349 
326 397 349 
326 396 348 
326 396 349 
326 394 348 
325 392 348 
324 393 348 
324 392 348 
323 391 348 
323 391 348 
322 391 349 
324 394 349 
324 395 349 
326 398 349 
327 399 349 
327 397 349 
326 395 349 
325 392 349 
324 391 348 
324 393 349 
324 395 349 
326 397 349 
327 399 349 
327 399 349 
326 396 349 
325 392 349 
324 392 348 
323 391 349 
323 393 349 
324 395 349 
325 397 349 
326 398 349 
328 397 349 
327 395 349 
324 392 349 
324 391 349 
323 393 349 
324 395 349 
326 397 349 
327 398 349 
327 396 349 
326 392 349 
323 391 349 
323 392 349 
324 394 349 
326 397 349 
327 398 349 
327 396 349 
325 393 349 
324 391 349 
323 390 349 
322 393 349 
326 397 349 
327 398 350 
327 397 349 
326 394 349 
324 391 349 
323 391 349 
324 393 349 
326 397 349 
327 398 349 
328 398 349 
327 395 349 
324 391 349 
323 390 349 
324 392 349 
324 394 349 
326 397 350 
328 398 350 
