317 347 339 
317 347 339 
316 344 339 
315 340 338 
314 339 338 
314 338 338 
313 341 338 
315 345 339 
316 346 339 
317 346 339 
316 343 339 
314 340 338 
313 340 338 
312 339 338 
313 340 338 
313 341 338 
313 342 338 
315 345 339 
315 345 339 
316 346 338 
316 346 339 
316 344 338 
315 343 338 
314 340 338 
313 339 338 
313 340 338 
313 342 338 
316 345 339 
319 347 338 
314 344 338 
314 340 338 
283 333 337 
311 340 338 
314 345 338 
317 346 338 
317 345 338 
316 343 338 
314 340 338 
313 339 338 
313 342 338 
316 346 338 
317 347 338 
316 345 338 
314 340 337 
313 340 337 
313 341 337 
314 345 338 
317 348 338 
317 347 338 
316 345 337 
314 342 337 
313 341 337 
313 343 337 
314 347 337 
316 349 337 
316 349 337 
315 346 337 
313 343 336 
312 345 336 
314 348 336 
316 350 336 
316 350 336 
314 345 335 
312 345 335 
313 348 335 
315 352 335 
316 354 335 
316 351 334 
313 348 334 
312 347 334 
312 350 334 
314 354 334 
316 356 334 
316 355 334 
315 353 333 
313 351 333 
311 350 333 
312 353 333 
315 357 333 
316 358 333 
316 357 332 
314 353 332 
312 352 332 
311 352 332 
312 356 332 
315 360 332 
316 362 332 
316 360 331 
315 359 331 
313 356 330 
311 355 330 
312 359 331 
315 362 331 
316 364 331 
315 360 330 
312 356 330 
312 358 330 
315 362 330 
315 365 331 
315 363 330 
315 361 330 
312 358 329 
311 357 330 
312 361 330 
314 365 330 
315 366 330 
315 364 329 
313 360 329 
312 359 329 
305 360 329 
315 361 330 
315 364 330 
316 366 331 
315 362 330 
314 360 330 
311 359 329 
312 361 329 
314 365 330 
315 367 330 
316 368 330 
315 365 329 
314 363 329 
313 362 329 
312 360 329 
311 362 329 
312 363 329 
313 367 329 
314 368 329 
316 369 329 
314 367 329 
312 363 329 
311 362 328 
311 362 328 
311 364 328 
313 368 329 
313 368 329 
315 369 329 
316 368 328 
315 367 329 
313 364 328 
312 363 328 
310 362 328 
311 363 328 
312 365 329 
313 367 329 
314 368 329 
315 369 329 
315 368 329 
315 368 329 
315 367 329 
314 365 329 
312 363 329 
312 363 328 
311 361 329 
311 362 329 
311 363 329 
311 363 329 
311 364 329 
312 367 329 
313 367 329 
314 368 329 
314 368 329 
314 366 329 
314 365 329 
312 362 329 
312 361 329 
310 360 329 
311 362 329 
312 365 330 
314 366 330 
315 367 330 
314 365 330 
313 363 329 
312 361 329 
311 360 329 
310 361 330 
311 362 330 
312 365 330 
313 365 330 
314 366 330 
314 365 330 
313 364 330 
313 362 330 
312 360 330 
311 359 330 
310 358 330 
311 360 330 
312 363 331 
313 364 331 
314 365 331 
314 363 330 
312 360 330 
312 359 330 
310 357 330 
311 360 330 
312 364 331 
314 365 331 
314 364 331 
313 362 331 
312 359 330 
