298 327 325 
299 327 325 
298 325 325 
298 325 325 
297 325 325 
297 326 325 
298 328 325 
298 327 325 
298 328 325 
299 329 325 
298 329 325 
299 329 325 
299 329 325 
299 330 325 
299 331 325 
300 331 325 
299 331 325 
300 331 325 
299 331 326 
301 333 325 
300 332 325 
300 332 325 
301 332 326 
300 333 326 
301 331 325 
300 329 325 
300 329 325 
297 328 325 
298 326 325 
296 325 325 
299 326 325 
298 325 325 
299 324 325 
300 325 325 
299 325 325 
298 324 325 
297 324 325 
297 324 325 
299 327 325 
298 326 325 
298 327 325 
298 327 325 
299 327 325 
300 331 326 
300 330 326 
300 331 325 
301 331 325 
300 331 325 
301 330 325 
302 329 325 
300 328 325 
299 326 325 
299 325 325 
298 325 325 
298 324 325 
298 324 325 
297 324 325 
297 324 325 
297 324 325 
297 324 325 
297 325 325 
298 325 325 
297 326 325 
298 325 325 
298 326 325 
298 327 325 
298 328 325 
299 330 325 
296 330 325 
299 330 325 
301 332 325 
300 331 325 
300 329 325 
299 328 325 
298 325 325 
298 324 325 
297 324 325 
298 327 325 
298 328 325 
300 331 325 
300 330 325 
301 331 325 
301 332 325 
301 331 325 
302 331 325 
301 330 325 
300 329 325 
300 328 325 
300 328 325 
299 325 325 
299 325 324 
298 326 324 
297 323 324 
297 324 324 
298 326 325 
298 326 325 
298 327 325 
299 330 325 
299 329 325 
301 332 325 
300 331 325 
301 331 325 
302 330 324 
300 329 325 
300 328 325 
299 328 324 
299 326 324 
298 325 324 
297 325 324 
298 323 324 
297 324 324 
297 324 324 
298 325 324 
298 327 324 
298 327 324 
299 330 325 
299 329 325 
301 331 325 
300 330 325 
300 331 324 
300 329 324 
299 328 324 
299 326 324 
298 324 324 
298 325 324 
297 323 324 
297 324 324 
298 326 324 
297 326 324 
299 327 324 
300 329 324 
300 330 324 
299 329 324 
300 331 324 
301 331 324 
300 330 324 
300 331 324 
301 331 324 
299 329 324 
300 330 324 
300 328 324 
300 328 324 
299 326 324 
298 325 324 
298 325 324 
298 323 324 
298 323 324 
297 326 324 
298 327 324 
299 329 324 
299 330 324 
299 330 324 
301 331 324 
300 331 324 
295 330 324 
299 329 324 
301 329 324 
300 328 324 
300 328 324 
299 326 324 
298 324 323 
298 325 323 
298 324 324 
297 324 323 
296 324 324 
298 327 323 
298 327 324 
299 330 324 
299 330 324 
300 331 324 
300 330 323 
299 328 323 
289 324 323 
282 322 322 
292 325 322 
292 325 323 
293 327 323 
290 328 323 
296 332 323 
297 332 323 
297 333 322 
299 333 322 
298 335 322 
297 332 322 
297 332 322 
297 330 322 
296 328 321 
302 330 321 
296 328 321 
293 328 321 
295 330 322 
297 332 321 
298 335 321 
299 334 321 
297 336 322 
300 335 322 
299 335 321 
298 333 321 
298 330 321 
296 330 321 
