330 404 382 
329 403 382 
329 405 383 
330 406 383 
332 410 383 
333 411 383 
333 411 383 
333 409 383 
331 407 383 
330 404 382 
329 404 382 
329 403 382 
329 405 382 
330 407 383 
332 410 383 
332 410 383 
333 411 383 
333 409 383 
332 408 383 
331 404 382 
329 403 382 
329 403 382 
329 405 382 
326 407 383 
331 410 383 
332 409 383 
333 411 383 
333 410 383 
333 409 383 
333 408 383 
332 408 383 
331 405 382 
330 404 382 
329 403 382 
330 403 382 
329 404 382 
329 406 382 
331 409 383 
333 409 383 
333 410 383 
333 409 382 
332 407 382 
331 404 382 
329 402 382 
329 403 382 
329 404 382 
329 405 382 
330 406 382 
331 409 383 
332 410 383 
333 410 383 
333 408 382 
333 408 382 
332 406 382 
331 404 382 
330 403 382 
330 402 382 
329 402 382 
329 402 382 
329 404 382 
329 404 382 
330 405 382 
330 406 382 
330 408 383 
331 409 383 
332 410 383 
333 410 383 
333 410 383 
333 408 383 
333 407 382 
332 406 382 
332 406 382 
331 403 382 
330 403 382 
330 403 382 
330 403 382 
329 402 382 
330 402 382 
330 402 382 
329 403 382 
329 403 382 
330 404 382 
329 405 382 
330 406 382 
331 408 382 
332 408 382 
332 409 383 
332 410 382 
333 409 382 
333 410 383 
334 408 382 
332 408 382 
332 406 382 
332 406 382 
330 403 382 
330 403 382 
329 402 382 
328 401 382 
329 404 382 
330 407 382 
332 408 382 
333 410 382 
333 410 382 
333 408 382 
332 406 382 
332 405 382 
330 403 381 
330 403 381 
329 402 381 
328 402 381 
329 402 381 
328 401 381 
329 403 381 
329 403 381 
329 404 382 
329 405 381 
330 406 381 
330 408 382 
331 409 382 
332 409 382 
331 409 382 
332 409 382 
333 410 382 
333 409 382 
333 410 382 
333 408 381 
333 408 381 
333 407 381 
332 407 381 
332 407 381 
332 406 381 
333 406 381 
332 406 381 
331 404 381 
330 403 381 
330 403 381 
330 403 381 
330 403 381 
330 402 381 
330 403 381 
329 403 381 
330 403 381 
330 403 381 
329 401 381 
328 401 381 
328 401 381 
328 401 381 
329 403 380 
329 404 381 
329 404 381 
329 405 381 
329 405 381 
329 405 381 
329 405 381 
330 405 381 
329 405 381 
329 405 381 
329 406 381 
330 408 381 
331 408 381 
331 408 381 
331 408 381 
332 409 381 
332 410 381 
332 409 381 
333 409 381 
332 407 381 
333 407 381 
332 407 381 
332 407 381 
332 406 381 
333 406 381 
332 406 381 
332 405 381 
331 405 381 
332 405 381 
331 405 380 
331 405 381 
330 403 380 
330 402 380 
329 402 380 
329 402 380 
329 401 380 
328 401 380 
328 401 380 
328 401 380 
328 400 380 
328 403 380 
329 403 380 
329 404 380 
329 404 380 
330 407 381 
331 408 381 
331 407 381 
332 409 381 
332 409 381 
332 409 381 
333 409 381 
332 407 380 
332 407 380 
