286 343 306 
286 343 305 
285 342 305 
284 340 305 
285 340 305 
283 339 305 
283 340 304 
283 339 304 
283 342 305 
283 343 304 
284 344 305 
284 344 304 
284 344 304 
284 345 305 
284 345 304 
285 347 305 
284 348 304 
286 348 304 
286 349 304 
284 349 304 
286 350 304 
286 350 304 
286 350 304 
285 349 304 
285 347 303 
284 347 303 
283 344 303 
283 344 303 
282 344 303 
282 346 303 
283 348 303 
284 351 303 
285 351 303 
285 352 303 
285 350 303 
284 349 303 
284 348 303 
282 345 303 
283 345 302 
282 344 303 
282 345 302 
281 346 303 
282 348 303 
283 349 303 
284 352 303 
284 352 303 
285 352 303 
285 353 303 
284 350 303 
283 348 303 
282 346 303 
281 345 302 
282 348 303 
282 350 303 
284 352 303 
284 353 303 
285 352 303 
284 350 302 
283 348 302 
282 347 302 
282 347 302 
281 346 302 
281 346 302 
281 348 302 
282 350 303 
282 350 303 
283 353 303 
284 354 303 
284 354 303 
284 352 302 
283 350 302 
281 347 302 
281 348 302 
281 347 302 
280 347 302 
281 349 302 
282 351 302 
283 354 303 
283 353 303 
284 354 303 
283 352 302 
283 352 302 
281 348 302 
281 349 302 
280 347 302 
280 348 302 
281 351 302 
282 354 303 
284 354 303 
283 355 303 
284 356 303 
283 353 302 
283 351 303 
282 349 302 
281 348 302 
281 348 302 
280 347 302 
280 347 302 
279 347 302 
280 349 302 
280 350 303 
280 350 303 
281 351 302 
281 352 303 
283 354 303 
283 354 303 
283 355 303 
284 355 303 
283 355 303 
283 352 303 
282 352 303 
282 350 303 
281 348 303 
280 349 302 
279 347 303 
279 347 303 
279 350 303 
280 352 303 
282 354 303 
282 354 303 
284 355 303 
282 353 303 
281 352 303 
280 348 303 
280 348 303 
276 347 303 
278 347 303 
279 349 303 
280 350 303 
280 353 304 
281 354 303 
283 354 303 
282 355 303 
282 352 303 
281 352 303 
280 350 303 
279 348 303 
279 349 303 
278 348 303 
278 347 303 
279 351 303 
280 352 303 
281 354 303 
281 355 303 
282 355 303 
281 353 303 
281 352 303 
281 349 303 
279 349 303 
278 348 303 
278 347 303 
279 350 303 
279 352 303 
280 354 303 
281 354 303 
281 355 303 
282 355 303 
281 353 303 
280 351 303 
279 349 303 
278 348 303 
278 348 303 
279 352 303 
281 355 303 
281 356 303 
282 355 303 
280 352 303 
279 349 303 
278 348 303 
278 348 303 
278 351 303 
279 353 303 
280 355 303 
281 356 303 
281 356 303 
280 353 303 
280 352 303 
278 349 303 
278 349 303 
278 348 303 
277 349 303 
278 350 303 
279 351 303 
279 353 303 
280 355 304 
281 356 304 
280 356 304 
280 352 303 
279 351 303 
278 349 303 
278 348 303 
277 348 303 
278 351 303 
279 352 304 
280 355 304 
281 356 304 
281 356 304 
280 352 304 
279 348 303 
278 349 303 
