347 548 486 
348 551 486 
349 554 486 
351 554 486 
352 556 486 
352 554 486 
351 553 486 
350 549 486 
348 548 485 
348 548 486 
348 550 486 
348 551 486 
351 554 486 
352 555 486 
352 554 486 
352 552 486 
349 549 485 
348 548 485 
349 549 486 
349 551 486 
350 555 486 
351 555 486 
352 554 486 
351 552 486 
349 549 486 
348 547 485 
347 547 485 
348 550 486 
349 554 486 
351 554 486 
352 555 486 
352 553 486 
351 551 486 
349 548 485 
348 547 485 
348 549 486 
348 550 486 
350 554 486 
351 555 486 
352 555 486 
351 552 486 
349 548 485 
348 547 485 
347 548 485 
348 550 486 
350 553 486 
352 554 486 
351 552 486 
350 550 485 
348 548 485 
347 547 485 
347 548 485 
348 550 486 
350 553 486 
351 554 486 
351 553 486 
350 551 485 
348 547 485 
347 547 485 
347 547 485 
348 549 485 
349 553 486 
351 554 486 
352 554 486 
352 551 486 
350 548 485 
348 547 485 
347 546 485 
348 549 485 
349 551 486 
350 553 486 
351 554 486 
352 554 486 
351 551 485 
351 550 485 
350 547 485 
349 547 485 
347 546 485 
347 546 485 
348 549 485 
349 550 485 
350 552 485 
351 554 486 
352 554 486 
351 551 485 
350 547 485 
348 547 485 
347 546 485 
347 547 485 
348 549 485 
349 552 485 
350 552 485 
351 553 485 
352 553 485 
352 552 485 
352 551 485 
351 550 485 
349 547 485 
349 546 485 
349 546 485 
348 547 485 
348 549 485 
350 552 485 
351 553 485 
352 553 485 
352 551 485 
350 547 485 
348 545 485 
347 546 485 
348 548 485 
348 550 485 
350 552 485 
352 554 485 
352 553 485 
351 550 485 
350 547 485 
349 547 485 
347 546 485 
348 547 485 
349 549 485 
350 551 485 
352 553 485 
352 551 485 
352 549 485 
349 547 484 
348 546 484 
348 548 485 
350 551 485 
352 553 485 
352 553 485 
352 550 485 
350 547 484 
349 546 484 
348 546 484 
348 547 485 
349 549 485 
351 552 485 
352 553 485 
352 551 484 
351 549 484 
349 546 484 
348 545 484 
347 546 484 
348 548 484 
350 551 485 
351 553 485 
352 553 484 
352 550 484 
349 546 484 
348 545 484 
348 547 484 
349 549 484 
351 552 484 
352 553 484 
352 551 484 
351 550 484 
351 546 484 
350 546 484 
348 545 484 
349 547 484 
349 548 484 
350 552 485 
352 553 484 
352 552 484 
352 551 484 
352 550 484 
351 547 484 
349 546 484 
348 544 484 
348 545 484 
347 546 484 
348 547 484 
348 548 484 
350 551 484 
351 551 484 
352 552 484 
352 552 484 
351 550 484 
350 547 484 
349 546 484 
348 545 483 
348 545 484 
347 546 484 
348 547 484 
349 550 484 
350 551 484 
351 552 484 
352 552 484 
352 551 484 
351 550 484 
351 548 484 
349 545 483 
349 545 483 
348 545 483 
347 545 483 
349 547 484 
349 549 484 
350 551 484 
351 552 484 
352 552 484 
