317 393 351 
315 392 351 
316 394 351 
318 398 351 
319 400 351 
320 398 351 
318 393 351 
316 391 351 
315 391 350 
316 395 351 
318 398 351 
316 399 351 
319 397 351 
317 392 350 
316 392 350 
316 394 351 
318 398 351 
320 399 351 
319 396 351 
318 393 350 
315 391 351 
317 396 351 
319 400 351 
320 397 351 
319 396 351 
317 392 350 
315 392 351 
317 395 351 
319 398 351 
320 400 351 
320 398 351 
319 396 351 
318 393 350 
316 392 350 
317 395 351 
319 399 351 
321 400 351 
320 398 351 
320 395 350 
318 393 350 
316 392 350 
317 395 351 
319 398 351 
320 400 351 
320 398 350 
319 395 350 
317 392 350 
317 394 350 
318 398 351 
321 400 351 
320 397 351 
318 393 350 
316 392 350 
317 396 351 
320 399 351 
321 400 351 
320 396 350 
318 393 350 
316 392 350 
317 395 350 
316 399 351 
321 400 351 
320 397 350 
318 393 350 
317 392 350 
317 394 350 
319 398 351 
321 400 351 
321 398 351 
319 393 350 
317 392 350 
316 391 350 
317 395 351 
320 399 351 
321 400 351 
321 397 351 
319 393 350 
317 392 350 
317 394 351 
319 397 351 
320 399 351 
321 400 351 
320 397 350 
319 393 350 
317 392 350 
318 391 350 
318 394 350 
319 398 351 
322 399 351 
322 400 351 
321 397 351 
319 392 350 
317 391 350 
316 391 350 
318 394 351 
320 398 351 
321 400 351 
321 397 351 
317 395 351 
319 392 350 
318 391 351 
317 390 350 
318 393 351 
318 395 351 
321 397 351 
321 399 351 
322 399 351 
321 396 351 
320 395 351 
318 392 351 
317 391 351 
318 393 351 
318 395 351 
320 398 351 
322 399 351 
321 396 351 
319 392 350 
317 391 350 
317 393 351 
319 397 351 
321 398 351 
322 399 351 
321 396 351 
319 392 350 
317 391 350 
317 393 351 
319 397 351 
321 399 351 
323 399 351 
321 395 351 
319 392 350 
317 391 350 
318 393 350 
320 397 351 
321 399 351 
321 397 351 
319 392 350 
318 391 350 
317 392 351 
320 397 351 
322 399 351 
322 398 351 
321 395 351 
319 392 350 
318 391 350 
318 392 351 
319 395 351 
321 397 351 
322 398 351 
321 396 351 
320 392 350 
318 390 350 
317 390 351 
318 393 351 
319 396 351 
320 397 351 
322 398 351 
321 396 351 
320 392 350 
318 391 350 
318 392 351 
319 395 351 
320 397 351 
322 398 351 
322 396 351 
320 393 351 
319 392 350 
318 390 350 
319 392 351 
319 394 351 
320 397 351 
322 398 351 
322 398 351 
321 395 351 
319 391 350 
318 390 350 
319 392 351 
320 396 351 
321 398 351 
322 396 351 
321 394 351 
319 392 351 
318 391 350 
318 393 351 
320 397 351 
321 398 351 
323 397 351 
322 394 351 
319 392 351 
318 391 351 
318 393 351 
321 397 351 
322 398 351 
322 396 351 
320 392 351 
319 391 350 
318 392 351 
319 394 351 
321 397 351 
322 398 351 
