345 366 364 
346 366 364 
347 367 364 
346 367 364 
346 367 364 
347 367 364 
346 366 364 
345 365 364 
346 364 364 
345 363 364 
345 362 363 
344 361 363 
344 361 363 
343 360 363 
342 360 363 
342 360 363 
342 361 363 
342 362 363 
343 362 363 
343 363 363 
344 365 364 
344 366 364 
344 366 364 
345 366 364 
345 367 364 
346 367 364 
346 366 364 
346 367 364 
345 365 364 
345 365 364 
345 364 363 
345 363 363 
344 362 363 
343 361 363 
344 361 363 
343 361 363 
342 360 363 
342 359 363 
342 359 363 
342 359 363 
342 360 363 
342 361 363 
342 362 363 
342 363 363 
344 366 363 
345 366 363 
346 367 363 
346 367 363 
345 365 363 
345 364 363 
344 363 363 
343 361 363 
343 361 363 
343 361 363 
343 361 363 
343 360 363 
343 360 363 
342 360 363 
342 360 363 
342 360 363 
342 359 363 
343 361 363 
342 361 363 
342 362 363 
343 362 363 
343 363 363 
344 365 363 
343 366 363 
344 365 363 
345 367 363 
345 367 363 
346 367 363 
345 365 363 
344 364 363 
344 361 363 
343 360 363 
342 360 363 
342 360 362 
342 361 363 
342 362 363 
343 365 363 
344 366 363 
345 367 363 
346 367 363 
345 365 363 
344 363 363 
343 361 362 
342 360 363 
342 360 362 
343 361 362 
342 363 363 
344 366 363 
345 367 363 
345 367 363 
345 365 363 
344 363 363 
343 361 363 
342 359 362 
342 360 363 
341 361 363 
342 362 363 
343 364 363 
344 365 363 
343 365 363 
345 366 363 
345 366 363 
345 366 363 
345 365 363 
345 365 363 
344 364 363 
344 361 362 
343 361 362 
342 359 362 
342 360 362 
342 361 362 
342 362 363 
344 365 363 
346 366 363 
345 367 363 
345 365 363 
344 364 363 
344 360 362 
343 359 362 
341 359 362 
342 361 363 
342 363 363 
343 365 363 
343 365 363 
345 366 363 
345 367 363 
345 365 363 
344 364 363 
344 363 362 
343 361 362 
343 360 362 
342 361 362 
341 359 362 
341 359 362 
341 361 362 
341 362 362 
342 363 363 
344 365 363 
344 365 363 
344 366 363 
345 366 363 
345 365 362 
344 364 362 
344 363 362 
343 361 362 
342 361 362 
342 359 362 
341 359 362 
341 359 362 
340 358 362 
348 362 363 
341 361 362 
343 362 362 
344 363 362 
343 363 362 
343 365 363 
343 365 362 
344 365 362 
344 365 363 
344 365 363 
344 365 363 
345 367 362 
344 366 362 
345 366 362 
345 366 362 
344 366 362 
345 366 362 
345 366 362 
345 367 362 
346 367 362 
345 365 362 
344 365 362 
344 365 362 
344 364 362 
344 363 362 
344 364 362 
344 363 362 
344 364 362 
344 363 362 
343 362 362 
343 361 362 
343 359 362 
339 360 362 
341 358 362 
341 358 362 
340 359 362 
341 360 362 
341 361 362 
341 362 362 
342 364 362 
343 364 362 
344 366 362 
344 366 362 
345 364 362 
343 363 362 
342 361 362 
