293 326 321 
295 326 321 
296 330 321 
297 329 321 
297 330 321 
297 331 321 
296 327 321 
295 326 321 
294 323 321 
294 324 321 
293 322 321 
293 322 321 
294 325 321 
294 326 321 
296 329 321 
296 330 321 
297 330 321 
296 328 321 
295 327 321 
295 326 321 
294 323 321 
294 324 321 
293 322 321 
293 322 321 
294 323 321 
294 325 321 
296 326 321 
295 328 321 
295 328 322 
295 328 321 
295 328 321 
296 329 322 
296 329 321 
296 329 321 
296 330 321 
296 327 321 
296 327 321 
295 326 321 
294 323 321 
294 324 321 
293 322 321 
293 322 321 
293 324 321 
294 325 321 
294 326 321 
295 328 321 
295 328 321 
297 329 321 
296 329 322 
296 329 322 
296 327 322 
295 326 321 
296 325 321 
294 323 321 
294 323 321 
293 322 321 
293 322 321 
293 321 321 
293 323 321 
294 324 321 
294 325 321 
294 326 322 
295 327 322 
295 327 321 
296 328 322 
296 328 322 
296 327 321 
292 326 321 
295 323 321 
294 323 321 
294 321 321 
294 323 321 
294 324 321 
295 327 322 
296 328 322 
296 328 322 
296 325 321 
294 322 321 
294 321 321 
293 321 321 
293 323 321 
294 325 321 
296 327 322 
296 328 322 
296 326 322 
295 324 321 
294 322 321 
293 321 321 
293 320 321 
294 324 321 
294 325 321 
295 327 322 
295 328 322 
296 328 321 
296 328 322 
297 326 322 
295 325 321 
295 324 321 
294 322 321 
294 322 321 
294 322 321 
294 322 321 
293 320 321 
293 320 321 
293 320 321 
293 322 321 
290 322 321 
294 324 321 
294 324 321 
294 324 321 
295 327 321 
295 327 322 
296 328 322 
296 328 322 
296 328 322 
296 326 321 
296 326 321 
295 325 321 
295 324 321 
294 322 321 
294 322 321 
294 323 321 
293 321 321 
293 322 321 
293 321 321 
294 323 321 
293 323 321 
294 324 321 
295 325 321 
294 325 321 
295 328 321 
295 328 321 
295 327 321 
295 329 321 
297 329 321 
296 329 321 
297 327 321 
296 326 321 
296 325 321 
295 322 321 
294 322 321 
293 322 321 
293 323 321 
294 325 321 
295 327 321 
296 329 321 
296 327 321 
295 324 321 
294 323 320 
293 322 320 
294 324 321 
294 325 321 
294 326 321 
295 328 321 
295 328 321 
296 329 321 
296 329 321 
296 327 321 
296 326 321 
295 324 321 
295 323 320 
294 322 320 
294 322 320 
294 325 321 
294 326 321 
296 328 321 
296 329 321 
296 328 321 
296 326 321 
294 323 320 
294 322 320 
293 322 320 
293 324 321 
294 326 321 
295 328 321 
296 329 321 
296 329 321 
296 327 321 
295 325 320 
294 323 320 
293 322 320 
293 322 320 
293 323 320 
293 325 320 
297 329 321 
298 329 321 
298 330 321 
299 328 321 
299 327 321 
297 324 320 
293 324 320 
295 323 320 
294 324 320 
296 326 321 
296 329 321 
297 329 321 
297 327 321 
295 323 320 
294 323 320 
294 325 320 
