290 318 325 
288 314 325 
287 313 325 
287 314 325 
288 318 325 
291 321 325 
291 321 325 
291 321 326 
291 318 325 
290 316 325 
288 314 325 
288 314 325 
287 313 325 
287 312 325 
288 316 325 
289 318 325 
291 320 325 
291 321 325 
291 321 325 
290 317 325 
290 316 325 
288 313 325 
288 313 325 
288 312 324 
290 316 325 
289 317 325 
290 320 325 
292 321 325 
291 321 325 
290 317 325 
290 316 325 
288 313 324 
289 313 324 
288 312 324 
288 313 324 
287 312 324 
289 315 324 
289 316 325 
289 316 324 
290 318 325 
291 320 325 
290 320 325 
292 321 325 
291 321 325 
291 319 324 
290 317 324 
289 313 324 
288 314 324 
288 313 324 
288 315 324 
289 317 324 
291 320 324 
290 320 324 
291 321 324 
291 319 324 
291 317 324 
289 314 324 
288 314 324 
288 313 324 
288 313 324 
287 313 324 
288 316 324 
289 317 324 
290 319 324 
290 321 324 
290 320 324 
291 321 324 
291 321 324 
291 320 324 
290 318 324 
290 316 323 
288 313 323 
288 314 323 
287 313 323 
287 314 323 
288 315 323 
288 317 323 
289 318 323 
290 321 324 
290 320 323 
291 321 324 
291 321 324 
291 318 323 
290 317 323 
288 313 323 
288 314 323 
288 313 323 
288 313 323 
289 317 323 
289 318 323 
291 320 323 
291 321 324 
291 321 323 
291 319 323 
290 317 323 
290 316 323 
289 313 323 
289 313 323 
288 312 323 
287 312 323 
288 316 323 
289 317 323 
290 320 324 
291 320 323 
291 320 323 
290 317 323 
293 313 323 
291 313 323 
290 315 323 
290 317 323 
292 320 324 
292 320 324 
291 318 323 
290 315 323 
289 312 323 
288 312 323 
288 312 323 
289 315 323 
290 317 323 
291 319 324 
291 320 323 
292 319 324 
291 317 323 
290 315 323 
289 312 323 
289 312 323 
287 311 323 
288 314 323 
289 316 323 
291 319 323 
292 320 323 
291 317 323 
291 313 323 
288 312 323 
288 311 323 
289 315 323 
290 319 323 
291 318 323 
291 319 323 
291 315 323 
289 311 323 
288 311 323 
288 313 323 
289 315 323 
292 318 323 
291 320 323 
292 319 323 
291 317 323 
290 315 323 
289 312 323 
288 311 323 
288 312 323 
287 310 323 
287 311 323 
287 312 323 
288 314 323 
289 315 323 
291 318 323 
291 318 323 
291 318 323 
291 316 323 
290 314 323 
287 310 322 
286 310 323 
285 310 322 
287 314 323 
289 317 323 
290 318 323 
291 319 323 
291 319 323 
290 315 323 
290 312 322 
287 311 322 
281 309 322 
284 309 322 
287 314 323 
288 316 322 
289 318 322 
290 319 323 
291 319 323 
290 316 322 
289 314 322 
288 311 322 
288 312 322 
287 310 322 
287 310 322 
290 314 322 
296 316 322 
294 318 323 
293 318 323 
293 319 323 
293 318 322 
288 315 322 
289 314 322 
289 313 322 
289 311 322 
288 311 322 
287 310 322 
287 310 322 
288 313 322 
