289 322 314 
289 322 314 
289 322 314 
289 322 314 
289 323 314 
289 323 314 
289 323 314 
282 322 314 
285 322 314 
286 322 313 
287 322 313 
286 322 313 
286 323 314 
286 323 314 
286 323 314 
287 323 314 
287 323 313 
288 323 314 
286 323 313 
287 323 313 
287 323 313 
287 322 313 
287 323 313 
287 322 314 
288 322 313 
287 322 313 
287 322 313 
288 324 314 
288 325 313 
287 325 314 
292 326 314 
289 326 314 
289 326 314 
288 326 314 
289 327 314 
289 327 314 
289 329 314 
289 329 314 
289 329 314 
289 329 314 
289 329 314 
289 329 314 
289 328 314 
289 328 314 
289 328 314 
289 328 314 
289 328 314 
289 328 314 
289 328 314 
289 328 314 
288 328 314 
289 328 314 
289 328 314 
289 328 314 
290 328 314 
290 328 314 
290 329 314 
290 328 314 
291 329 314 
291 329 314 
291 328 314 
291 328 314 
291 328 314 
291 329 314 
291 328 314 
291 329 314 
291 329 314 
291 328 314 
291 327 314 
291 326 314 
287 326 314 
290 325 314 
290 324 314 
289 323 314 
290 322 313 
289 322 314 
288 321 314 
289 321 314 
288 321 314 
288 323 314 
289 324 314 
289 324 314 
289 325 314 
289 325 314 
289 325 314 
290 326 314 
290 327 314 
290 327 314 
290 327 314 
290 327 314 
290 327 314 
290 327 314 
291 327 314 
291 327 314 
290 327 314 
290 327 314 
290 327 314 
291 328 314 
291 328 314 
291 328 314 
291 328 314 
291 328 314 
292 329 314 
291 329 314 
291 328 314 
291 328 314 
291 328 314 
291 328 314 
291 328 314 
291 329 314 
291 328 314 
291 329 314 
291 329 314 
291 328 314 
291 328 314 
291 328 314 
291 329 314 
291 329 314 
291 329 314 
291 329 314 
291 329 314 
291 327 314 
291 327 314 
291 327 314 
292 327 314 
291 327 314 
291 327 314 
291 327 313 
291 328 314 
292 329 314 
291 329 314 
291 329 314 
291 329 314 
291 329 314 
291 329 314 
291 329 314 
291 329 314 
292 329 313 
291 329 314 
291 329 314 
291 329 314 
291 329 314 
291 329 314 
292 329 314 
291 327 314 
291 327 313 
291 326 313 
290 326 313 
290 326 314 
290 326 313 
292 327 313 
291 327 313 
291 327 313 
290 327 313 
292 329 313 
293 330 314 
292 330 314 
292 328 314 
292 328 313 
292 328 313 
292 327 314 
291 327 313 
292 327 313 
292 327 314 
292 326 313 
290 326 313 
290 326 313 
290 326 313 
290 325 313 
290 325 313 
290 324 313 
289 323 313 
289 323 313 
289 322 313 
289 322 313 
289 322 313 
289 322 313 
289 323 313 
289 323 313 
289 322 313 
288 322 313 
288 322 313 
288 323 313 
288 324 313 
289 325 314 
290 328 314 
290 327 314 
292 328 313 
281 327 314 
289 326 314 
290 325 313 
288 322 313 
288 321 313 
288 321 313 
288 323 313 
288 324 313 
289 325 313 
290 327 314 
290 327 314 
291 328 314 
