313 341 339 
313 341 339 
314 341 339 
313 341 339 
313 340 339 
313 341 339 
313 340 339 
312 340 339 
313 343 339 
313 343 339 
313 343 339 
315 343 339 
314 344 339 
314 344 339 
314 344 339 
314 344 339 
315 344 339 
315 344 339 
315 344 339 
314 345 339 
314 344 339 
315 346 339 
315 347 340 
316 347 339 
316 347 340 
316 347 340 
317 347 340 
318 347 340 
317 347 340 
316 347 340 
316 347 340 
316 347 340 
317 347 340 
316 347 340 
317 348 339 
317 348 339 
317 348 339 
317 348 339 
318 348 339 
318 347 339 
317 346 339 
317 346 339 
316 345 339 
316 345 339 
315 342 339 
315 342 338 
315 342 339 
314 342 339 
315 342 339 
313 340 338 
313 341 338 
313 341 339 
313 341 338 
313 340 339 
313 342 338 
313 342 339 
313 343 339 
314 343 339 
313 343 339 
314 343 339 
313 344 339 
314 344 339 
314 343 339 
313 343 339 
314 343 339 
314 343 339 
314 344 339 
315 344 339 
315 346 339 
315 347 339 
316 347 339 
316 348 339 
318 348 339 
317 348 339 
317 348 339 
317 347 339 
317 346 339 
317 346 339 
316 345 339 
315 343 338 
315 342 338 
314 341 338 
314 342 338 
314 341 338 
314 340 338 
313 341 338 
313 340 338 
313 340 338 
313 342 339 
313 342 338 
314 343 338 
313 343 339 
314 344 339 
314 344 339 
315 345 339 
316 347 339 
316 347 339 
316 347 339 
316 347 339 
317 348 339 
317 348 339 
317 348 339 
318 349 339 
317 347 339 
317 346 339 
317 345 338 
316 344 338 
315 342 338 
315 341 338 
314 341 338 
313 341 338 
313 340 338 
313 341 338 
314 340 338 
313 343 338 
313 344 338 
314 345 339 
316 348 339 
316 348 339 
319 349 338 
318 349 338 
317 347 338 
316 345 338 
315 342 338 
314 342 338 
313 341 338 
312 341 338 
313 343 338 
313 344 338 
315 347 338 
316 348 338 
316 348 338 
317 350 338 
317 349 338 
318 350 338 
317 347 338 
317 347 338 
317 346 338 
316 345 338 
315 342 338 
315 342 337 
314 342 338 
313 341 337 
312 341 338 
312 341 337 
312 343 338 
313 344 338 
314 345 338 
316 348 339 
316 348 338 
317 349 338 
317 349 338 
317 347 338 
316 346 338 
316 344 338 
314 342 338 
313 342 338 
312 340 338 
313 341 338 
313 342 338 
313 343 338 
314 344 338 
315 347 338 
317 348 338 
316 348 338 
316 346 338 
316 345 338 
314 341 338 
312 340 337 
311 340 338 
313 343 338 
314 345 338 
316 347 338 
317 348 339 
318 348 338 
317 346 338 
316 345 338 
316 344 338 
314 340 338 
314 341 338 
312 339 338 
312 340 338 
312 340 338 
312 342 338 
313 343 338 
315 347 339 
317 347 339 
316 347 339 
316 345 338 
314 341 338 
312 339 338 
312 339 338 
315 343 338 
317 346 339 
318 347 339 
316 344 339 
314 340 338 
313 339 338 
312 338 338 
313 342 338 
