298 342 325 
298 343 326 
298 343 326 
297 342 325 
296 340 325 
296 340 325 
296 339 325 
296 339 325 
296 338 325 
296 338 325 
296 338 325 
296 338 325 
296 338 325 
296 338 325 
296 338 325 
297 339 325 
297 339 325 
297 340 325 
297 340 325 
297 340 325 
297 340 325 
297 340 325 
297 340 325 
297 340 325 
296 340 325 
296 339 325 
297 339 325 
296 340 325 
297 340 325 
293 340 325 
296 339 325 
296 339 325 
296 339 325 
296 339 325 
296 338 325 
296 338 325 
296 338 325 
296 338 325 
295 336 325 
294 336 325 
296 337 325 
296 337 325 
295 336 325 
296 337 325 
295 336 325 
296 336 325 
296 337 325 
296 337 325 
296 337 325 
296 337 325 
295 336 325 
296 336 325 
296 336 325 
295 336 325 
295 338 325 
296 338 325 
296 338 325 
296 338 325 
296 338 325 
295 336 324 
295 337 325 
296 336 325 
296 338 325 
297 339 325 
296 339 325 
297 340 325 
298 340 325 
297 341 325 
297 342 325 
298 343 325 
298 343 325 
297 343 325 
298 344 325 
299 344 325 
299 343 325 
299 344 325 
298 342 325 
298 342 325 
298 341 324 
297 340 324 
297 338 324 
297 338 324 
297 339 324 
296 337 324 
296 337 324 
297 337 324 
296 337 324 
296 337 324 
296 336 324 
296 337 324 
296 337 324 
296 337 324 
297 338 324 
297 338 324 
297 338 324 
297 339 324 
297 339 324 
297 339 324 
296 338 324 
296 338 324 
297 338 324 
297 338 324 
297 339 324 
297 338 324 
297 338 324 
297 339 324 
297 338 324 
297 338 324 
297 338 324 
296 338 324 
296 336 323 
297 338 324 
297 338 324 
297 338 324 
297 338 324 
297 338 324 
297 338 325 
297 338 324 
297 338 324 
297 338 324 
297 338 324 
297 338 324 
296 337 324 
297 337 324 
296 337 324 
296 337 324 
296 337 324 
296 337 324 
296 337 324 
296 337 324 
297 337 324 
296 336 324 
296 338 324 
297 338 324 
297 338 324 
297 338 324 
297 338 324 
296 337 324 
296 337 324 
296 336 324 
297 336 324 
296 336 324 
295 336 324 
295 337 324 
296 338 324 
297 337 325 
296 337 325 
296 338 325 
296 339 325 
296 338 325 
296 339 325 
297 338 325 
296 339 325 
296 339 325 
296 339 325 
297 339 325 
297 339 325 
298 340 325 
297 339 325 
296 339 325 
297 341 325 
297 342 325 
297 342 325 
298 342 325 
299 341 325 
299 343 325 
299 343 325 
299 343 325 
299 343 325 
300 343 325 
300 343 325 
300 342 325 
299 342 325 
299 341 325 
298 341 325 
299 341 325 
300 341 325 
298 340 325 
299 340 325 
298 340 325 
299 340 325 
298 340 325 
298 340 325 
298 339 325 
298 338 325 
297 336 325 
298 336 324 
297 336 325 
296 336 325 
297 337 325 
297 335 325 
296 335 325 
295 335 325 
295 334 325 
296 336 325 
295 337 325 
296 337 325 
296 338 325 
296 338 325 
296 338 325 
