349 388 353 
346 386 353 
346 386 353 
346 388 353 
347 390 353 
348 392 353 
350 393 353 
350 392 353 
349 390 353 
347 387 353 
346 386 353 
346 386 353 
347 388 353 
347 389 353 
348 392 353 
350 393 353 
350 392 353 
349 390 353 
348 387 353 
347 386 353 
346 385 353 
347 388 353 
348 392 353 
350 393 353 
350 392 353 
349 389 353 
348 387 353 
346 386 353 
347 388 353 
349 392 353 
350 393 353 
351 394 353 
350 390 353 
349 387 353 
348 386 353 
347 385 353 
347 389 353 
349 392 353 
350 393 353 
351 393 353 
349 390 353 
349 387 353 
347 386 353 
346 385 353 
348 388 353 
349 391 353 
349 393 353 
351 393 353 
351 391 353 
350 389 353 
348 387 353 
348 385 353 
347 386 353 
347 387 353 
348 389 353 
348 390 353 
350 393 353 
350 392 353 
351 394 353 
351 393 353 
351 392 353 
350 391 353 
350 390 353 
349 388 353 
349 388 353 
347 386 353 
347 386 353 
348 389 353 
348 390 353 
349 393 353 
350 393 353 
351 394 353 
352 393 353 
351 391 353 
350 390 353 
349 388 352 
349 388 352 
348 387 352 
348 386 353 
348 388 352 
348 389 353 
349 391 353 
350 393 353 
351 394 353 
351 393 353 
350 392 353 
350 388 352 
349 388 352 
348 387 352 
347 387 352 
348 389 353 
348 390 352 
349 392 353 
350 393 353 
351 394 353 
351 394 353 
351 393 353 
350 392 353 
350 390 353 
348 388 352 
349 387 353 
349 387 352 
347 388 353 
349 391 353 
350 393 353 
351 394 353 
352 395 353 
350 391 353 
348 388 353 
349 387 353 
348 386 353 
348 389 353 
350 393 353 
351 394 353 
351 394 353 
351 392 353 
350 390 353 
349 388 352 
347 386 352 
348 388 353 
348 390 353 
350 393 353 
351 394 353 
353 394 353 
352 392 353 
351 391 353 
350 388 352 
349 387 353 
348 387 352 
348 386 352 
349 389 353 
349 390 353 
350 392 353 
350 393 353 
352 395 353 
364 397 354 
350 394 353 
351 392 353 
351 391 353 
351 390 353 
351 390 353 
349 387 353 
349 387 353 
348 386 353 
348 386 353 
348 386 353 
348 388 353 
348 389 353 
349 390 353 
350 393 354 
352 394 354 
352 393 354 
352 394 354 
351 391 354 
351 390 353 
350 389 353 
349 386 353 
349 386 353 
348 385 353 
348 386 353 
348 385 353 
348 387 353 
348 388 354 
349 389 354 
350 392 354 
350 392 354 
352 393 354 
351 392 354 
352 393 354 
351 391 354 
351 389 354 
350 388 354 
349 386 354 
349 385 354 
348 386 354 
347 384 354 
347 385 354 
347 385 354 
348 386 354 
348 388 354 
348 389 354 
350 391 354 
351 391 354 
352 392 354 
352 393 354 
351 390 354 
350 389 354 
349 386 354 
348 385 353 
347 385 354 
348 387 354 
349 391 354 
350 392 354 
351 393 354 
351 390 354 
349 386 353 
347 385 353 
347 385 353 
348 388 353 
349 392 354 
