331 410 386 
331 410 386 
331 411 386 
332 413 386 
332 414 386 
332 413 386 
333 414 386 
334 415 386 
334 414 386 
335 415 386 
334 412 386 
334 412 386 
333 411 386 
333 409 386 
332 407 385 
331 408 385 
331 406 385 
330 406 385 
331 407 385 
330 406 385 
330 408 385 
330 408 385 
330 409 386 
331 410 386 
331 410 386 
331 412 386 
332 413 386 
332 413 386 
334 414 386 
334 414 386 
334 414 386 
334 412 386 
333 412 385 
333 411 386 
333 409 385 
332 409 385 
331 407 385 
331 407 385 
330 406 385 
330 406 385 
330 406 385 
329 405 385 
330 408 385 
330 408 385 
331 408 385 
331 408 385 
330 409 385 
331 409 385 
331 411 385 
332 412 386 
333 412 386 
332 412 385 
333 412 386 
333 414 386 
333 413 386 
333 413 386 
334 413 386 
334 413 386 
334 413 386 
334 413 386 
334 413 385 
334 412 385 
333 411 385 
333 410 385 
333 410 385 
332 407 385 
331 407 385 
330 407 385 
328 406 385 
329 406 385 
329 405 385 
329 407 385 
330 407 385 
330 408 385 
330 408 385 
330 409 385 
330 409 385 
331 412 385 
332 412 385 
332 412 385 
333 412 385 
333 414 385 
334 413 385 
334 414 385 
333 412 385 
334 411 385 
333 410 385 
331 406 384 
331 406 385 
330 406 384 
330 405 385 
330 405 385 
329 405 384 
330 405 384 
330 405 384 
330 406 384 
330 405 384 
329 405 384 
329 406 384 
330 407 384 
329 407 384 
330 407 385 
330 407 385 
330 408 384 
330 408 384 
330 408 385 
330 408 384 
330 408 385 
330 408 385 
330 409 385 
330 409 384 
330 409 384 
331 409 385 
330 409 384 
331 411 385 
331 411 385 
332 412 385 
332 412 385 
329 412 385 
333 412 385 
333 413 385 
333 413 385 
333 413 384 
334 413 385 
334 413 384 
333 411 384 
334 411 384 
334 410 384 
333 409 384 
333 408 384 
332 406 384 
332 406 384 
331 406 384 
331 406 384 
330 405 384 
330 405 384 
330 405 384 
329 405 384 
329 405 384 
330 407 384 
330 408 384 
330 409 384 
331 410 384 
332 412 384 
333 412 384 
333 413 384 
333 413 384 
334 413 384 
334 413 384 
334 411 384 
333 411 384 
333 410 384 
333 410 384 
333 409 384 
332 409 384 
332 409 384 
332 409 384 
332 409 384 
332 409 384 
332 409 384 
333 409 384 
333 409 384 
333 409 384 
332 409 384 
332 408 383 
332 409 384 
332 408 383 
332 407 383 
330 406 383 
331 406 383 
331 406 383 
329 404 383 
328 405 383 
329 406 383 
331 408 383 
330 409 383 
332 411 384 
333 413 384 
333 413 384 
334 413 383 
333 411 383 
333 410 383 
332 409 383 
331 406 383 
330 406 383 
329 405 383 
329 407 383 
330 407 383 
331 408 383 
332 412 383 
332 411 383 
333 413 383 
333 412 383 
333 411 383 
333 409 383 
332 407 383 
330 406 383 
329 405 383 
329 406 383 
330 407 383 
