292 324 317 
292 324 317 
291 323 317 
291 323 317 
290 323 317 
290 323 317 
291 325 317 
291 326 317 
291 326 317 
291 326 317 
293 329 317 
293 329 317 
293 329 317 
293 329 317 
293 329 317 
294 329 317 
293 330 317 
294 330 317 
294 330 317 
294 330 317 
294 331 318 
293 329 317 
293 329 317 
294 328 317 
293 327 317 
292 325 317 
291 324 317 
291 324 317 
290 324 316 
291 324 317 
291 326 317 
292 327 317 
292 328 317 
292 330 317 
293 330 317 
293 330 317 
293 330 317 
294 331 317 
294 331 317 
295 331 317 
294 331 317 
294 331 317 
293 329 317 
294 329 317 
293 328 317 
293 327 317 
292 325 316 
291 325 317 
291 325 316 
291 325 316 
291 324 316 
291 324 316 
291 324 316 
290 324 316 
290 325 316 
290 326 317 
291 327 317 
292 327 317 
291 327 317 
292 328 317 
292 330 317 
293 330 317 
293 330 317 
293 331 317 
293 331 317 
294 331 317 
293 331 317 
294 330 317 
293 329 317 
293 328 317 
293 328 317 
292 327 316 
292 325 316 
291 325 316 
291 325 316 
291 324 316 
290 324 316 
290 324 316 
290 324 317 
291 325 317 
291 325 317 
292 326 317 
291 326 317 
292 327 317 
291 327 317 
292 330 317 
292 330 317 
293 330 317 
293 329 317 
293 329 317 
293 330 317 
293 330 317 
293 330 317 
293 331 317 
293 330 317 
293 330 317 
293 330 317 
293 331 317 
293 330 317 
293 330 317 
293 330 317 
293 330 317 
293 330 317 
293 330 317 
294 331 317 
293 329 317 
293 328 317 
293 328 317 
293 327 317 
293 327 317 
293 327 317 
293 327 317 
293 327 317 
293 327 317 
292 327 317 
292 326 317 
292 325 317 
291 324 317 
292 324 316 
291 324 317 
291 324 317 
291 323 317 
291 323 316 
291 322 316 
292 323 317 
290 322 316 
290 322 317 
291 322 317 
291 322 316 
291 323 316 
290 322 316 
291 323 317 
292 324 317 
292 324 317 
292 324 316 
291 323 316 
291 323 316 
291 323 317 
291 323 317 
290 323 317 
290 322 316 
290 323 316 
290 322 317 
290 322 317 
290 323 316 
290 322 316 
290 322 316 
290 322 316 
290 322 316 
289 323 317 
290 323 316 
290 323 316 
290 322 316 
290 322 316 
290 322 316 
288 323 316 
290 324 317 
290 324 316 
290 324 317 
290 324 316 
290 324 317 
290 325 316 
290 325 317 
290 325 317 
290 325 317 
291 325 317 
290 325 317 
291 325 317 
291 325 317 
291 325 317 
292 325 317 
291 327 317 
292 328 317 
292 328 317 
292 327 317 
293 329 317 
293 329 317 
292 329 317 
293 329 317 
292 328 317 
293 328 317 
292 327 317 
293 327 317 
293 327 316 
293 326 317 
292 326 317 
292 326 317 
293 327 317 
293 327 316 
292 327 317 
292 326 317 
292 326 316 
292 326 316 
292 325 316 
291 323 316 
291 323 316 
291 323 316 
290 323 316 
291 323 316 
291 323 316 
