340 462 429 
342 466 429 
344 467 429 
344 464 429 
340 459 428 
340 462 429 
343 466 429 
345 468 429 
343 462 429 
340 459 428 
341 463 429 
344 467 429 
344 464 429 
342 461 428 
340 461 429 
343 466 429 
345 467 429 
344 464 428 
341 459 428 
341 461 428 
343 466 429 
345 467 429 
344 463 428 
340 459 428 
342 462 428 
343 466 429 
344 465 429 
342 460 428 
340 459 428 
340 462 428 
343 466 429 
345 467 429 
343 463 428 
340 459 428 
341 461 428 
342 465 429 
344 466 429 
343 463 429 
340 458 428 
340 460 428 
342 465 429 
344 467 429 
342 460 428 
340 459 428 
341 462 428 
344 466 429 
344 464 428 
341 458 428 
340 461 428 
343 465 429 
344 465 428 
342 460 428 
339 458 428 
342 465 428 
344 466 428 
343 462 428 
340 458 428 
340 462 428 
343 466 428 
343 464 428 
341 459 428 
340 460 428 
343 464 428 
344 465 428 
341 458 428 
339 458 427 
341 465 428 
344 466 428 
342 460 427 
341 458 427 
342 464 428 
344 465 428 
342 460 427 
339 458 427 
341 464 428 
344 466 428 
343 459 427 
340 458 427 
341 464 428 
344 465 428 
343 462 427 
340 457 427 
337 462 427 
343 466 428 
343 462 427 
340 458 427 
340 460 427 
343 466 428 
343 463 428 
341 459 427 
339 459 427 
342 464 428 
344 464 428 
342 459 427 
340 458 427 
341 464 428 
344 465 428 
343 462 427 
339 457 427 
338 461 427 
343 465 427 
344 462 427 
340 458 427 
339 459 427 
342 464 427 
344 465 427 
343 462 427 
340 457 427 
341 460 427 
342 464 427 
343 463 427 
341 458 427 
339 457 427 
341 463 427 
343 465 427 
343 461 427 
340 457 427 
340 460 427 
344 465 427 
344 462 427 
340 457 427 
340 460 427 
343 465 427 
343 462 427 
339 456 426 
340 460 427 
344 465 427 
343 462 427 
341 457 426 
340 459 426 
342 464 427 
343 463 427 
342 458 426 
339 458 426 
342 464 427 
344 465 427 
342 458 426 
339 457 426 
342 463 427 
344 465 427 
342 458 426 
339 456 426 
340 462 427 
343 464 426 
343 461 426 
340 456 426 
341 459 426 
342 464 427 
343 463 426 
341 458 426 
339 457 426 
340 460 426 
343 464 426 
343 462 426 
341 458 425 
339 458 426 
341 463 426 
343 464 426 
341 458 426 
339 457 426 
341 463 426 
343 464 426 
341 458 426 
339 456 425 
342 463 426 
344 464 426 
341 458 425 
339 456 425 
342 463 426 
343 463 426 
339 457 425 
339 456 425 
340 462 425 
343 464 426 
342 461 425 
339 456 425 
339 458 425 
341 463 426 
343 464 426 
342 461 425 
340 458 425 
339 456 425 
340 460 425 
343 464 426 
343 462 425 
342 458 425 
339 456 425 
339 458 425 
341 463 426 
343 464 425 
343 462 425 
341 457 425 
339 456 425 
339 459 425 
343 463 425 
344 464 426 
343 461 425 
341 457 425 
340 456 425 
340 459 425 
