303 368 328 
304 370 328 
306 374 329 
308 375 329 
308 375 329 
307 372 328 
305 368 328 
304 368 328 
303 366 328 
304 369 329 
305 372 329 
306 372 329 
307 374 329 
308 374 329 
307 372 329 
307 371 329 
307 371 329 
307 370 329 
306 368 328 
305 367 329 
305 367 329 
304 366 329 
303 365 328 
303 367 329 
304 368 329 
305 372 329 
303 372 329 
307 373 329 
308 374 329 
307 371 329 
306 370 329 
305 367 329 
304 367 328 
304 366 329 
303 365 329 
303 365 328 
302 365 329 
303 365 329 
303 366 329 
303 367 329 
304 368 329 
304 369 329 
304 369 329 
306 372 329 
306 372 329 
306 372 329 
306 372 329 
307 373 329 
307 373 329 
308 373 329 
307 371 329 
307 370 329 
306 369 329 
305 367 328 
305 367 329 
304 367 329 
304 366 328 
303 365 328 
303 366 329 
303 365 328 
303 365 328 
304 367 329 
303 367 329 
304 368 329 
305 368 329 
304 369 329 
305 370 329 
306 372 329 
306 372 329 
308 374 329 
309 374 329 
307 371 329 
306 368 328 
305 367 328 
304 366 328 
304 368 329 
305 369 329 
306 372 329 
306 372 329 
308 373 329 
308 374 329 
307 371 329 
307 369 329 
305 367 329 
303 365 328 
303 365 329 
304 368 329 
305 370 329 
307 372 329 
307 373 329 
308 373 329 
308 371 329 
307 370 329 
306 368 329 
305 366 329 
304 365 329 
304 365 329 
304 367 329 
305 368 329 
306 371 330 
308 371 329 
308 373 329 
308 373 330 
308 370 329 
307 369 329 
305 366 329 
304 365 329 
304 365 329 
304 367 329 
305 368 329 
305 370 329 
307 372 330 
308 373 330 
308 373 330 
308 372 329 
308 370 329 
306 367 329 
305 367 329 
304 365 329 
305 367 329 
305 368 329 
301 371 330 
307 372 329 
310 372 330 
307 369 329 
303 365 329 
312 365 330 
307 364 329 
282 362 329 
327 372 331 
315 371 330 
312 372 331 
313 372 331 
312 369 331 
310 367 331 
308 364 330 
305 363 330 
305 363 331 
307 366 331 
307 369 331 
309 370 331 
310 371 331 
309 367 331 
307 364 331 
306 362 331 
306 362 331 
306 365 331 
307 367 331 
306 368 331 
309 369 332 
310 369 332 
310 367 332 
309 365 332 
307 362 331 
307 362 331 
306 361 332 
305 362 332 
306 363 332 
307 366 332 
309 366 332 
310 368 332 
309 367 332 
309 365 332 
308 362 332 
307 361 332 
306 359 332 
306 358 332 
306 361 333 
307 362 333 
308 365 333 
309 366 333 
310 365 333 
310 364 334 
309 362 333 
309 360 333 
308 358 333 
307 357 333 
307 357 334 
306 358 334 
306 359 334 
308 362 335 
309 361 335 
310 363 335 
311 363 335 
309 359 335 
309 357 335 
308 355 335 
307 354 335 
306 354 335 
307 356 335 
308 360 336 
310 361 336 
310 360 336 
310 361 334 
309 358 334 
307 357 333 
306 356 333 
306 357 334 
307 359 334 
310 362 334 
