329 360 355 
329 360 355 
331 361 355 
331 359 355 
331 359 355 
330 358 355 
328 355 354 
328 355 354 
328 353 354 
327 354 354 
327 354 354 
327 356 354 
329 357 354 
328 357 355 
330 360 355 
329 360 355 
331 361 355 
331 361 355 
331 360 355 
330 359 355 
330 357 354 
329 355 354 
328 355 354 
327 354 354 
326 353 354 
327 356 354 
328 357 355 
329 359 355 
330 361 355 
331 361 355 
331 358 355 
329 355 354 
328 355 354 
327 354 354 
327 355 354 
328 357 355 
329 359 355 
331 360 355 
330 359 355 
329 357 354 
329 354 354 
327 353 354 
326 353 354 
327 355 355 
328 356 355 
329 359 355 
329 359 355 
331 360 355 
330 359 354 
329 358 354 
328 354 354 
327 353 354 
326 353 354 
327 355 354 
328 356 354 
328 358 354 
329 359 354 
329 360 354 
330 360 354 
330 360 354 
331 361 354 
330 359 354 
330 358 354 
329 357 354 
329 356 354 
328 354 354 
328 354 354 
327 354 354 
326 353 354 
326 355 354 
327 356 354 
327 358 354 
328 359 354 
329 360 354 
330 360 354 
329 358 354 
329 357 354 
328 354 354 
327 353 354 
326 353 354 
326 355 354 
327 357 354 
328 359 354 
329 360 354 
330 360 354 
329 359 354 
329 358 354 
328 355 354 
327 354 354 
326 352 354 
326 353 354 
326 353 354 
324 355 354 
326 355 354 
327 356 354 
327 358 354 
328 359 354 
329 360 354 
329 360 354 
330 360 354 
329 358 354 
329 357 354 
327 354 353 
326 353 353 
326 353 353 
327 355 353 
327 357 354 
328 359 354 
329 361 354 
329 361 354 
344 361 354 
329 358 353 
330 357 353 
328 355 353 
327 354 353 
326 354 353 
326 355 353 
327 356 353 
326 358 354 
329 360 354 
329 361 354 
329 361 354 
329 359 353 
329 358 353 
327 355 353 
326 354 353 
326 356 353 
327 359 353 
329 361 354 
330 361 353 
329 358 353 
327 355 353 
326 354 353 
325 353 353 
326 356 353 
327 358 354 
328 360 353 
329 360 353 
329 359 354 
328 358 353 
327 354 353 
326 353 353 
325 353 353 
326 356 353 
327 358 353 
327 360 353 
329 361 353 
328 359 353 
328 357 353 
326 355 353 
325 354 353 
325 356 353 
326 357 353 
327 360 353 
329 361 353 
329 361 353 
328 358 353 
328 356 353 
326 355 352 
325 354 353 
325 355 353 
326 357 353 
327 360 353 
328 361 353 
329 361 353 
328 360 353 
328 358 353 
328 357 353 
326 355 352 
326 355 352 
325 354 352 
325 354 352 
325 356 352 
326 357 352 
326 360 352 
327 360 352 
328 361 352 
328 360 352 
328 358 352 
327 356 352 
326 356 352 
325 355 352 
325 356 352 
325 357 352 
327 361 352 
327 361 352 
328 362 352 
328 360 352 
327 358 352 
326 356 352 
324 355 352 
325 357 352 
325 358 352 
327 361 352 
328 362 352 
328 362 352 
328 359 352 
326 356 352 
325 356 352 
325 355 352 
