338 357 360 
337 356 360 
336 355 360 
336 355 360 
337 358 360 
338 360 361 
338 361 360 
339 362 360 
340 362 361 
339 360 360 
339 359 360 
338 357 360 
337 356 360 
336 355 360 
336 355 360 
336 356 360 
336 357 360 
336 358 360 
336 359 360 
338 361 360 
338 361 360 
338 361 360 
339 362 360 
339 362 360 
339 362 360 
339 361 360 
339 360 360 
339 360 360 
339 359 360 
337 356 360 
336 356 360 
335 355 360 
335 355 360 
335 354 360 
335 356 360 
335 356 360 
335 357 360 
336 358 360 
336 358 360 
338 361 360 
337 361 360 
337 360 360 
339 362 360 
339 362 360 
339 362 360 
338 360 360 
338 359 360 
338 359 360 
337 357 360 
336 356 360 
336 356 360 
335 355 359 
335 355 359 
335 355 359 
335 355 359 
335 357 359 
335 356 359 
336 357 359 
336 358 359 
336 358 360 
336 359 359 
337 360 360 
337 361 360 
337 361 360 
337 361 360 
338 362 360 
338 362 360 
337 362 360 
338 361 359 
338 360 359 
338 360 359 
337 359 359 
336 356 359 
336 356 359 
335 355 359 
335 355 359 
335 357 359 
335 359 359 
336 361 359 
337 362 359 
338 363 359 
338 360 359 
336 357 359 
336 356 359 
335 355 359 
334 355 359 
335 358 359 
335 359 359 
336 361 359 
337 361 359 
338 362 359 
338 362 359 
338 361 359 
337 360 359 
337 359 359 
337 358 359 
337 356 359 
335 356 359 
335 357 359 
334 355 359 
334 355 358 
334 355 359 
334 355 358 
334 357 359 
334 357 359 
334 358 359 
335 358 359 
335 359 359 
335 359 359 
335 359 359 
332 360 359 
336 361 359 
335 361 359 
336 361 359 
336 361 359 
337 362 359 
338 363 359 
338 362 359 
342 363 359 
337 361 359 
337 361 359 
337 360 359 
337 359 359 
335 357 359 
334 356 358 
334 355 359 
334 355 358 
333 356 359 
331 358 359 
334 359 359 
336 361 359 
336 363 359 
337 363 359 
337 361 359 
336 359 359 
335 356 358 
334 356 358 
333 355 359 
334 355 358 
333 356 359 
334 358 359 
334 359 359 
335 361 359 
335 361 359 
336 362 359 
336 362 359 
337 362 359 
337 360 359 
336 359 359 
336 358 359 
334 356 359 
335 356 358 
333 355 359 
332 355 358 
333 354 358 
333 356 358 
333 357 359 
334 358 359 
334 359 359 
335 361 359 
336 361 359 
336 362 359 
336 362 359 
337 362 359 
337 360 359 
336 359 359 
335 358 358 
334 355 358 
334 356 358 
333 355 358 
332 355 358 
333 356 358 
333 357 358 
333 358 358 
335 361 358 
335 361 359 
336 362 359 
336 362 359 
336 360 358 
336 360 358 
335 358 358 
334 356 358 
333 355 358 
333 356 358 
333 355 358 
332 355 358 
332 355 358 
332 356 358 
332 357 358 
332 358 358 
333 359 358 
334 361 358 
335 363 358 
336 362 358 
335 361 358 
335 359 358 
335 357 358 
333 356 357 
333 355 358 
331 355 358 
