330 403 377 
329 401 377 
328 398 376 
327 396 377 
326 397 377 
324 399 377 
327 400 377 
329 403 377 
330 404 377 
330 404 377 
330 402 377 
329 400 377 
328 397 376 
327 397 377 
326 396 377 
327 396 376 
326 398 377 
327 400 377 
328 402 377 
329 403 377 
330 404 377 
331 404 377 
330 402 377 
329 400 377 
327 397 376 
326 396 377 
326 396 376 
326 399 377 
328 401 377 
329 403 377 
330 404 377 
330 403 377 
331 404 377 
330 402 377 
330 401 377 
329 400 377 
329 399 376 
328 397 376 
326 396 376 
327 396 376 
326 398 377 
327 399 377 
328 402 377 
330 402 377 
330 404 377 
330 403 377 
330 404 377 
330 402 377 
328 401 377 
329 400 376 
329 399 376 
328 397 376 
327 397 376 
327 395 376 
326 396 376 
327 395 376 
326 398 376 
327 399 376 
327 400 376 
328 402 377 
328 402 377 
329 402 377 
329 403 377 
330 404 377 
329 403 377 
330 403 377 
330 403 377 
330 403 377 
330 403 377 
330 401 376 
330 401 377 
329 400 377 
329 399 376 
329 397 376 
328 396 376 
327 397 376 
326 396 376 
326 395 376 
325 395 376 
326 395 376 
326 397 376 
326 397 376 
326 398 376 
326 398 376 
326 399 376 
326 399 376 
326 399 376 
327 401 376 
327 401 376 
329 402 376 
329 402 377 
328 402 376 
330 403 376 
330 403 376 
330 403 376 
330 401 376 
329 400 376 
329 399 376 
327 396 376 
327 396 376 
326 395 376 
325 395 376 
325 395 376 
326 397 376 
326 398 376 
326 398 376 
326 399 376 
326 399 376 
327 401 376 
328 402 376 
328 402 376 
328 402 376 
329 402 376 
329 403 376 
330 403 376 
330 402 376 
330 403 376 
329 401 376 
329 401 376 
329 400 376 
328 399 376 
326 397 375 
327 396 375 
324 396 375 
325 395 375 
325 394 375 
325 397 376 
327 399 375 
328 402 376 
328 402 376 
329 403 376 
330 403 376 
330 401 375 
329 400 376 
328 398 375 
327 396 375 
326 395 375 
325 395 375 
325 396 375 
326 398 375 
327 400 376 
328 401 376 
329 402 375 
330 403 375 
329 400 375 
328 399 375 
327 396 375 
326 395 375 
325 395 375 
325 396 375 
325 397 375 
326 398 375 
327 401 376 
328 401 375 
328 401 376 
329 402 376 
329 402 375 
330 402 376 
329 400 375 
329 400 375 
328 399 375 
328 398 375 
328 396 375 
326 395 375 
326 395 375 
325 394 375 
325 394 375 
324 394 375 
325 396 375 
323 398 375 
327 401 375 
329 401 375 
329 402 375 
329 400 375 
328 399 375 
326 395 375 
325 394 375 
325 396 375 
326 399 375 
329 402 375 
329 402 375 
328 399 375 
326 395 375 
325 394 375 
325 396 375 
326 399 375 
329 402 375 
329 401 375 
328 398 375 
326 395 375 
324 394 375 
325 397 375 
327 400 375 
329 402 375 
330 400 375 
328 396 375 
326 395 375 
325 394 375 
325 396 375 
327 400 375 
