309 352 337 
310 353 337 
311 356 337 
312 356 337 
313 357 337 
313 357 337 
313 356 337 
313 355 337 
310 354 337 
312 354 337 
312 354 337 
314 354 337 
313 354 337 
314 354 337 
313 354 337 
313 354 338 
313 353 338 
313 353 338 
314 353 338 
313 353 338 
313 353 338 
313 352 338 
312 352 338 
312 352 338 
312 350 338 
311 349 338 
311 349 338 
313 349 338 
312 348 338 
312 348 338 
312 348 338 
311 348 338 
310 348 338 
312 348 338 
311 347 338 
312 348 338 
312 347 338 
313 348 338 
310 348 338 
313 349 338 
313 349 338 
313 348 338 
312 348 338 
312 348 338 
311 347 338 
312 347 338 
312 347 338 
311 347 338 
311 346 338 
311 346 338 
311 347 338 
311 347 338 
310 346 338 
311 345 338 
310 346 338 
310 345 338 
310 345 338 
310 345 338 
311 345 338 
310 345 338 
310 345 338 
310 345 339 
311 346 339 
311 346 339 
310 347 339 
311 347 339 
311 348 339 
312 348 339 
312 350 339 
312 350 339 
313 351 339 
313 351 339 
314 351 339 
314 350 339 
314 352 339 
315 352 339 
315 352 339 
315 352 339 
315 352 339 
314 352 339 
315 352 339 
315 352 339 
314 351 339 
314 351 339 
314 350 339 
313 350 339 
312 349 339 
312 347 339 
312 346 339 
312 346 339 
313 345 339 
312 346 339 
312 344 339 
312 344 339 
312 344 339 
313 344 339 
313 345 339 
313 345 339 
314 345 339 
314 345 339 
314 345 339 
314 345 339 
314 345 339 
315 346 339 
314 345 339 
315 345 339 
313 344 339 
313 344 339 
313 344 339 
312 344 339 
312 344 339 
312 344 339 
313 344 339 
313 345 339 
313 345 339 
313 345 339 
313 344 339 
313 345 339 
315 345 339 
316 347 339 
315 348 339 
316 349 339 
317 349 339 
316 351 340 
316 350 340 
317 351 339 
316 351 339 
316 351 339 
316 350 339 
317 351 340 
317 351 339 
316 350 339 
316 351 339 
317 350 339 
318 351 340 
315 349 340 
315 349 339 
317 349 339 
316 349 339 
317 349 339 
315 348 339 
313 346 339 
313 346 339 
312 345 339 
312 345 339 
313 344 339 
312 344 339 
312 343 339 
313 343 339 
312 343 339 
312 343 339 
313 343 339 
313 343 339 
314 342 339 
313 342 339 
314 343 339 
315 344 339 
314 344 339 
314 344 339 
314 343 339 
314 343 338 
315 344 339 
314 344 339 
315 343 339 
319 344 339 
320 344 338 
317 344 339 
316 344 339 
316 345 339 
317 345 339 
317 346 339 
324 348 339 
319 347 339 
320 348 339 
318 348 339 
318 348 339 
319 349 339 
318 349 339 
319 350 339 
319 351 340 
318 350 340 
318 350 340 
318 350 340 
318 350 340 
318 350 340 
317 350 340 
317 349 340 
317 349 340 
317 349 340 
318 349 339 
317 349 340 
318 350 340 
317 350 340 
318 350 340 
318 350 340 
318 350 340 
318 350 340 
317 348 339 
317 347 339 
317 347 339 
