331 613 450 
331 614 450 
332 613 450 
331 613 450 
331 613 450 
331 613 450 
332 613 450 
330 613 450 
330 612 450 
330 612 450 
330 612 450 
329 611 450 
328 609 450 
328 609 450 
327 608 450 
328 607 450 
327 606 450 
327 606 450 
328 607 450 
329 607 450 
330 607 450 
331 610 451 
331 610 451 
332 611 451 
332 613 451 
331 612 451 
330 611 451 
330 611 451 
329 609 451 
328 608 451 
328 608 451 
328 608 451 
327 607 451 
328 607 451 
327 605 451 
327 605 451 
327 605 451 
328 605 451 
328 606 451 
328 605 451 
328 605 451 
329 606 452 
328 606 452 
329 606 452 
328 606 452 
329 606 452 
330 606 452 
330 606 452 
330 607 452 
331 608 452 
331 609 452 
331 609 452 
331 610 452 
331 609 453 
332 610 453 
331 609 453 
331 609 452 
331 609 453 
331 608 453 
331 609 453 
331 609 453 
331 608 453 
331 608 453 
332 608 453 
331 609 453 
331 609 453 
331 609 453 
331 609 453 
331 609 453 
332 610 453 
332 610 453 
332 610 453 
333 612 454 
333 612 454 
332 611 454 
332 611 454 
332 612 454 
331 611 454 
331 611 454 
332 612 454 
331 611 454 
332 610 454 
331 610 454 
331 610 454 
330 610 454 
330 610 454 
329 607 454 
329 607 454 
329 607 454 
328 606 454 
328 606 454 
328 606 454 
329 606 454 
328 605 454 
328 605 454 
328 606 454 
328 605 454 
328 605 454 
328 605 454 
327 603 454 
327 603 454 
327 603 454 
328 604 455 
328 604 454 
328 603 455 
328 604 455 
328 604 455 
328 604 455 
329 604 455 
329 604 455 
329 605 455 
329 604 455 
329 604 455 
329 604 455 
330 604 455 
330 605 455 
330 604 455 
330 604 455 
330 604 455 
330 604 455 
329 604 455 
329 604 455 
329 604 455 
328 603 455 
329 603 455 
328 603 455 
328 603 455 
328 603 456 
328 603 456 
328 603 456 
328 603 456 
328 603 456 
328 603 456 
328 602 456 
327 603 456 
328 604 456 
328 604 456 
328 604 456 
328 605 456 
330 605 456 
328 605 456 
329 606 456 
329 606 457 
330 608 457 
330 609 457 
331 608 457 
331 608 457 
330 608 457 
330 608 457 
331 608 457 
330 608 457 
330 608 457 
330 608 457 
331 608 457 
331 608 457 
331 608 457 
331 608 457 
331 608 457 
331 608 458 
331 608 458 
332 609 458 
333 609 458 
333 609 458 
333 609 458 
333 608 458 
332 608 458 
332 606 458 
332 607 458 
332 605 458 
330 603 457 
330 603 458 
330 602 458 
328 602 458 
329 603 458 
329 604 458 
330 605 458 
330 607 458 
331 608 458 
332 607 458 
333 609 459 
333 609 459 
333 608 459 
334 609 459 
333 607 459 
333 607 459 
333 606 459 
332 605 459 
332 605 458 
331 602 459 
330 602 458 
329 601 459 
329 601 459 
329 600 459 
330 603 459 
330 604 459 
330 606 459 
332 607 460 
333 608 460 
333 608 460 
333 606 459 
