348 484 443 
348 482 443 
347 480 443 
347 479 443 
345 477 442 
345 477 442 
344 476 442 
344 476 442 
343 476 442 
344 478 442 
344 478 442 
345 479 443 
346 482 443 
347 482 443 
347 483 443 
348 483 443 
348 482 443 
348 480 442 
347 478 442 
345 477 442 
344 476 442 
343 476 442 
344 477 442 
344 478 442 
344 479 442 
346 482 443 
346 482 442 
347 483 443 
348 483 443 
348 483 442 
347 480 442 
347 479 442 
345 476 442 
343 475 442 
343 477 442 
344 479 442 
346 482 442 
347 483 442 
347 482 442 
347 481 442 
347 480 442 
346 479 442 
345 476 442 
341 476 442 
343 475 441 
344 475 442 
344 476 442 
345 477 442 
344 478 442 
345 480 442 
346 481 442 
347 481 442 
347 482 442 
348 482 442 
348 481 442 
348 479 442 
348 478 442 
345 475 442 
345 475 442 
344 475 442 
343 474 441 
343 475 442 
343 474 442 
343 476 442 
343 476 442 
343 477 442 
344 478 442 
346 480 442 
346 481 442 
346 481 442 
347 481 442 
347 482 442 
347 482 442 
347 480 442 
347 479 442 
347 478 442 
346 475 441 
345 475 441 
344 474 441 
343 474 441 
343 474 441 
343 476 441 
343 476 441 
344 476 441 
344 477 441 
344 478 442 
345 480 442 
346 480 442 
346 480 442 
346 481 442 
347 482 441 
347 481 442 
347 481 442 
347 480 441 
347 479 441 
345 478 441 
346 477 441 
345 475 441 
344 475 441 
344 474 441 
343 473 441 
343 474 441 
342 473 441 
343 476 441 
344 477 441 
346 479 441 
346 480 441 
347 481 441 
347 481 441 
347 479 441 
346 477 441 
344 474 440 
344 473 440 
343 473 440 
342 473 440 
343 475 440 
343 476 440 
344 477 441 
345 480 441 
346 480 440 
346 481 441 
347 481 441 
346 478 440 
346 477 440 
345 475 440 
344 474 440 
343 473 440 
342 473 440 
343 476 440 
344 479 440 
345 480 440 
347 481 440 
347 479 440 
346 477 440 
344 474 440 
343 473 440 
343 473 439 
343 475 440 
345 479 440 
346 480 440 
347 480 440 
347 479 440 
345 476 440 
344 474 439 
343 473 439 
343 475 440 
345 479 440 
346 481 440 
347 481 440 
346 478 440 
344 474 439 
343 473 439 
343 474 439 
343 476 440 
345 479 440 
347 481 440 
348 479 439 
345 477 439 
344 474 439 
342 473 439 
343 475 439 
343 478 440 
345 479 440 
346 480 440 
345 477 439 
344 473 439 
342 472 439 
343 475 439 
344 479 439 
346 480 440 
346 479 439 
345 474 439 
342 472 439 
342 474 439 
343 476 439 
345 479 439 
346 479 439 
345 476 439 
342 472 439 
342 474 439 
344 478 439 
346 480 439 
346 478 439 
345 473 439 
342 472 439 
342 474 439 
344 479 439 
346 479 439 
345 476 439 
343 473 439 
342 473 439 
344 479 439 
346 480 439 
346 477 439 
343 473 439 
341 471 439 
343 475 439 
346 478 439 
347 479 439 
345 475 439 
