286 355 337 
287 355 337 
286 355 337 
285 355 337 
283 355 336 
283 355 336 
283 355 336 
283 355 336 
282 355 336 
283 355 337 
283 355 337 
284 355 337 
284 355 337 
284 354 337 
285 354 337 
284 355 336 
284 355 336 
283 355 337 
284 355 336 
284 355 337 
284 355 336 
284 355 336 
284 355 336 
284 354 336 
284 354 336 
284 355 336 
284 354 336 
285 355 336 
284 354 336 
284 354 336 
284 354 336 
284 354 336 
283 354 336 
284 354 336 
284 354 336 
284 354 336 
284 354 337 
285 354 337 
285 354 337 
287 354 337 
286 353 337 
285 353 337 
285 353 337 
285 353 337 
285 353 337 
284 353 337 
284 353 336 
284 353 336 
286 353 336 
285 353 336 
283 353 336 
284 353 336 
284 353 336 
283 352 336 
282 352 336 
282 352 336 
283 352 336 
283 352 336 
283 352 336 
282 352 336 
283 352 336 
283 352 336 
283 352 336 
283 352 336 
284 352 336 
283 352 336 
283 352 336 
283 352 336 
285 352 336 
285 352 336 
285 352 336 
285 352 336 
286 352 336 
287 352 336 
286 352 336 
287 352 336 
287 352 336 
287 352 336 
287 352 336 
286 352 336 
286 352 336 
286 352 336 
284 352 336 
284 352 336 
283 352 336 
282 352 336 
284 352 336 
283 352 336 
283 352 336 
285 352 336 
283 352 336 
284 352 336 
283 352 336 
284 352 336 
285 352 336 
285 352 336 
286 352 336 
286 352 336 
286 352 336 
287 352 336 
287 352 336 
286 352 336 
286 352 336 
286 352 336 
284 351 336 
284 351 336 
284 352 336 
283 351 336 
283 351 336 
282 351 335 
283 351 335 
283 351 335 
282 351 335 
284 351 335 
283 351 335 
283 351 335 
283 351 335 
283 351 335 
283 351 335 
283 351 335 
283 351 335 
283 350 335 
284 351 335 
284 350 335 
284 350 335 
282 350 335 
284 350 335 
285 350 335 
285 350 335 
285 350 335 
285 350 335 
285 350 335 
285 350 335 
286 350 335 
286 350 335 
286 350 335 
287 350 335 
287 350 335 
287 350 335 
287 350 335 
287 350 335 
287 350 335 
287 350 335 
287 350 335 
286 350 335 
286 350 335 
287 351 334 
286 351 335 
285 350 335 
286 350 335 
287 351 335 
287 351 335 
287 350 335 
288 350 335 
287 350 335 
284 350 335 
287 350 335 
286 350 334 
285 350 334 
286 350 334 
285 350 334 
286 350 334 
285 350 334 
285 350 334 
284 350 334 
283 350 334 
283 350 334 
283 350 334 
283 350 334 
283 351 334 
282 351 334 
282 351 334 
283 351 334 
282 351 334 
282 351 334 
282 351 334 
283 351 334 
284 350 334 
284 350 334 
284 350 334 
285 350 334 
285 350 334 
285 350 334 
286 350 334 
286 350 334 
287 350 334 
288 350 334 
286 350 334 
287 350 334 
284 350 334 
283 350 334 
283 350 333 
282 350 334 
283 350 334 
284 350 334 
285 350 334 
286 350 334 
283 351 334 
286 351 334 
285 351 334 
