324 352 344 
323 350 344 
321 348 344 
321 350 344 
322 352 344 
323 355 344 
324 356 344 
325 356 344 
325 353 344 
323 350 344 
321 349 344 
320 348 344 
321 351 344 
323 355 344 
324 356 344 
325 356 344 
324 353 344 
324 352 344 
322 350 343 
321 348 343 
321 349 344 
321 349 343 
321 351 344 
321 352 344 
322 352 343 
323 355 344 
323 355 344 
324 356 344 
324 356 344 
325 356 344 
325 355 344 
324 353 343 
322 351 343 
322 351 343 
322 350 343 
320 349 343 
321 351 343 
321 352 343 
322 354 343 
323 355 344 
323 356 344 
325 356 343 
324 357 343 
324 355 343 
324 354 343 
323 352 343 
321 351 343 
322 350 343 
320 350 343 
320 351 343 
320 353 343 
322 356 343 
323 357 343 
324 356 343 
324 355 343 
323 354 343 
322 351 343 
321 351 343 
320 350 342 
320 349 342 
320 352 343 
321 353 343 
322 356 343 
323 357 343 
324 357 343 
323 355 343 
323 353 343 
321 351 342 
320 349 343 
321 350 342 
321 351 343 
321 353 343 
322 355 343 
324 357 343 
323 354 343 
322 351 342 
320 349 342 
320 350 342 
321 352 343 
322 355 343 
323 357 343 
323 356 343 
323 355 343 
322 353 343 
322 350 342 
320 351 342 
319 350 342 
319 350 342 
320 352 342 
320 353 342 
322 356 343 
322 357 343 
323 357 343 
323 354 342 
321 351 342 
320 349 342 
320 349 342 
320 352 342 
322 356 342 
323 356 343 
323 355 342 
322 352 342 
320 350 342 
319 349 342 
319 349 342 
319 351 342 
320 352 342 
321 356 343 
322 356 342 
323 356 343 
322 355 342 
323 353 342 
322 353 342 
320 350 342 
319 349 342 
318 349 342 
319 352 342 
321 355 342 
322 356 342 
322 355 342 
321 352 342 
320 350 342 
319 349 342 
319 351 342 
321 355 342 
322 356 342 
323 357 342 
321 353 342 
321 352 342 
320 350 342 
319 349 342 
319 349 342 
318 349 342 
319 351 342 
320 353 342 
320 355 342 
322 356 342 
322 357 342 
321 354 342 
320 350 342 
319 349 341 
319 351 342 
320 353 342 
321 355 342 
322 357 342 
322 354 342 
321 353 342 
320 350 341 
318 349 341 
318 351 342 
320 353 342 
322 355 342 
323 356 342 
322 355 342 
321 353 342 
320 350 341 
318 349 341 
319 351 341 
320 353 342 
320 355 342 
321 356 342 
321 355 342 
320 352 342 
319 350 341 
318 349 341 
318 352 342 
320 355 342 
321 356 342 
321 355 341 
320 350 341 
318 349 341 
317 348 341 
318 352 341 
320 355 342 
321 356 342 
321 356 342 
320 354 341 
320 353 341 
318 350 341 
318 349 341 
317 349 341 
318 351 341 
320 354 342 
320 354 342 
321 356 342 
321 355 342 
321 353 341 
319 350 341 
318 350 341 
318 348 341 
318 350 341 
318 352 342 
320 354 342 
321 355 342 
321 354 342 
320 351 342 
318 349 341 
317 348 341 
317 350 341 
319 354 342 
