288 316 340 
287 306 339 
287 305 339 
287 301 339 
287 287 338 
287 306 339 
287 295 338 
287 303 339 
287 292 338 
287 281 338 
287 266 337 
287 243 337 
287 205 336 
286 213 336 
286 185 335 
285 184 335 
285 166 334 
284 184 334 
282 168 334 
285 183 334 
285 182 334 
285 194 334 
286 198 334 
286 188 334 
286 193 334 
286 174 333 
286 180 333 
286 184 333 
285 161 332 
285 158 332 
285 167 332 
286 175 332 
285 182 332 
285 200 332 
285 206 332 
286 215 333 
286 230 333 
284 265 333 
287 298 334 
286 287 334 
286 312 334 
286 287 333 
286 280 333 
286 269 333 
286 276 333 
286 315 334 
286 306 334 
287 337 335 
287 379 335 
287 421 336 
287 443 337 
288 484 338 
288 481 338 
288 489 339 
289 510 339 
288 497 339 
288 482 339 
288 467 338 
287 443 338 
287 476 339 
286 425 337 
288 433 338 
287 431 338 
288 439 338 
288 472 339 
288 467 339 
286 460 339 
288 468 339 
288 470 339 
287 482 340 
288 464 339 
289 464 340 
288 486 340 
288 514 341 
289 515 341 
288 532 342 
289 576 343 
289 607 344 
288 564 343 
289 562 343 
289 553 343 
288 529 343 
289 532 343 
288 480 342 
289 455 341 
288 507 342 
287 395 340 
287 384 339 
287 342 338 
286 320 338 
287 279 337 
287 252 336 
286 237 336 
286 240 336 
286 220 335 
286 207 335 
286 211 334 
286 194 334 
286 198 334 
286 187 334 
285 160 333 
286 175 333 
286 187 333 
286 183 333 
286 166 332 
286 183 333 
285 167 332 
285 158 332 
286 161 332 
286 169 332 
287 186 332 
287 209 333 
287 230 333 
287 251 334 
287 276 334 
287 324 335 
289 421 337 
290 483 339 
290 529 340 
289 580 342 
290 626 343 
290 600 343 
290 613 343 
292 617 343 
291 643 344 
291 648 345 
290 648 345 
290 661 345 
292 618 345 
291 620 345 
291 706 347 
290 607 345 
290 542 343 
289 561 344 
289 585 345 
289 566 345 
289 586 345 
288 599 346 
289 566 345 
289 558 345 
289 485 343 
289 465 343 
289 431 342 
289 518 344 
289 430 342 
288 495 344 
288 430 342 
287 363 341 
287 337 340 
287 355 341 
287 248 337 
286 227 337 
286 227 337 
286 203 337 
286 211 337 
282 195 336 
286 205 336 
287 262 338 
287 277 338 
287 285 338 
287 334 339 
288 351 340 
289 418 341 
290 478 343 
289 502 344 
290 535 344 
290 573 346 
290 558 345 
290 481 343 
288 451 343 
287 333 340 
287 248 338 
286 204 336 
286 204 336 
286 221 337 
287 257 338 
288 284 338 
288 339 339 
289 383 341 
289 407 341 
290 437 342 
289 435 342 
290 409 341 
289 422 342 
289 450 342 
289 473 343 
290 489 343 
290 508 344 
290 526 345 
290 520 344 
289 497 344 
289 431 342 
288 387 341 
287 275 338 
286 245 337 
286 220 337 
286 228 337 
286 265 338 
287 309 339 
288 343 340 
