278 515 301 
278 550 302 
277 531 302 
277 516 301 
276 476 300 
276 448 299 
276 411 299 
275 357 297 
275 356 297 
275 351 297 
274 352 297 
274 346 297 
274 322 297 
274 319 297 
274 325 297 
273 328 297 
273 328 297 
274 375 298 
274 389 298 
275 406 299 
275 420 299 
276 448 300 
276 501 302 
277 546 303 
277 558 303 
277 540 303 
277 511 302 
276 448 301 
274 358 299 
274 344 299 
273 318 298 
273 310 298 
274 378 299 
275 448 301 
277 521 303 
277 532 304 
278 548 304 
277 546 304 
276 474 303 
276 440 302 
274 342 299 
274 315 298 
273 342 299 
274 371 300 
275 423 302 
276 503 304 
276 567 305 
277 534 305 
277 515 305 
276 433 303 
274 350 300 
274 327 300 
273 345 300 
273 333 300 
274 368 301 
275 415 302 
275 454 303 
276 512 305 
278 522 305 
277 519 305 
277 537 306 
277 523 306 
277 533 306 
277 500 305 
277 453 304 
276 418 303 
274 364 302 
273 346 302 
274 366 302 
275 414 304 
277 492 306 
277 525 307 
278 647 310 
277 671 310 
275 576 308 
274 268 301 
275 182 299 
275 270 301 
277 452 305 
278 612 310 
278 738 312 
279 655 311 
276 583 309 
275 414 305 
274 163 299 
275 132 298 
276 223 301 
278 407 305 
279 595 310 
278 676 312 
277 602 310 
275 395 305 
274 203 300 
275 179 300 
277 320 303 
278 504 308 
279 702 313 
277 642 311 
275 500 308 
274 369 305 
273 234 301 
277 157 300 
276 356 305 
280 547 310 
282 681 313 
280 789 315 
279 751 315 
278 551 310 
277 383 306 
277 270 304 
279 290 304 
279 498 310 
281 669 314 
280 741 316 
280 679 314 
277 455 309 
276 243 304 
277 197 303 
279 311 306 
279 485 310 
281 627 314 
279 667 315 
277 641 314 
276 476 310 
275 308 306 
276 256 305 
279 349 308 
279 557 313 
280 744 317 
279 773 318 
277 571 313 
276 451 310 
276 288 307 
274 249 306 
278 310 308 
279 472 312 
280 665 316 
279 740 318 
277 628 315 
276 446 311 
275 265 307 
276 196 306 
277 269 307 
278 437 311 
280 622 316 
279 722 318 
278 688 318 
277 547 314 
276 409 311 
275 268 308 
277 217 307 
277 253 308 
279 425 312 
280 589 316 
279 711 319 
278 662 318 
277 447 312 
276 251 308 
277 179 306 
279 342 310 
280 578 316 
280 713 319 
278 657 318 
277 444 313 
275 222 308 
277 223 308 
279 461 314 
280 694 319 
277 594 316 
276 304 310 
277 211 308 
279 438 314 
280 670 319 
278 659 319 
276 415 313 
276 197 308 
279 273 310 
279 484 315 
281 718 321 
279 673 319 
277 414 313 
277 180 308 
279 270 310 
281 533 317 
280 718 321 
278 641 319 
276 393 314 
277 198 309 
278 275 311 
279 496 317 
281 716 322 
280 700 321 
277 495 316 
276 300 312 
277 193 310 
278 252 311 
279 425 315 
281 622 320 
280 736 323 
279 659 321 
