312 387 354 
312 389 354 
313 391 354 
314 394 354 
316 395 354 
316 393 354 
315 392 354 
314 389 354 
312 388 353 
312 388 354 
312 389 354 
313 391 354 
315 394 354 
317 395 354 
316 394 354 
315 391 354 
313 389 353 
312 388 353 
312 391 354 
314 394 354 
316 396 354 
316 396 354 
316 393 353 
314 389 353 
312 388 353 
312 390 353 
313 392 353 
316 395 354 
316 396 353 
317 395 353 
315 392 353 
313 390 353 
312 389 353 
313 391 353 
315 396 353 
316 397 353 
316 395 353 
315 393 353 
313 390 353 
313 389 353 
313 393 353 
315 396 353 
317 397 353 
316 393 353 
314 391 353 
312 389 352 
313 392 353 
315 396 353 
317 397 353 
316 394 353 
314 390 352 
313 389 352 
312 391 352 
313 393 353 
315 396 353 
317 398 353 
316 394 352 
315 391 352 
312 390 352 
313 393 352 
315 396 353 
316 398 353 
317 397 353 
314 394 352 
314 391 352 
312 390 352 
313 393 352 
315 397 353 
317 398 353 
317 396 352 
314 391 352 
313 390 352 
313 392 352 
315 397 352 
316 398 352 
317 396 352 
316 393 352 
313 390 352 
313 391 352 
314 394 352 
316 397 352 
317 398 352 
317 396 352 
315 392 352 
313 390 352 
313 392 352 
314 394 352 
316 397 352 
317 398 352 
317 395 352 
315 392 352 
313 391 352 
313 393 352 
315 397 352 
317 398 352 
317 396 352 
314 392 352 
313 391 351 
314 394 352 
316 397 352 
318 399 352 
317 396 352 
314 392 351 
313 391 352 
313 393 352 
316 397 352 
317 399 352 
318 397 352 
315 392 351 
313 391 351 
314 394 352 
317 399 352 
318 397 352 
315 392 351 
314 391 351 
315 396 352 
318 399 352 
317 397 352 
315 393 351 
314 393 351 
316 398 352 
318 399 352 
318 397 352 
315 393 351 
313 391 351 
315 395 351 
318 400 352 
318 397 351 
317 396 351 
315 392 351 
314 393 351 
315 396 351 
318 400 352 
318 398 351 
316 393 351 
314 392 351 
315 395 351 
317 399 352 
318 398 351 
317 394 351 
314 392 351 
314 394 351 
313 399 351 
318 399 351 
318 397 351 
316 393 351 
314 392 351 
315 395 351 
317 398 351 
319 398 351 
316 393 351 
314 392 351 
315 395 351 
318 399 352 
319 398 351 
316 393 351 
315 392 351 
315 395 351 
318 399 352 
319 397 351 
316 393 351 
314 391 351 
316 396 351 
319 399 351 
319 397 351 
316 392 351 
315 391 351 
316 395 351 
318 399 351 
319 398 351 
317 393 351 
316 392 351 
316 394 351 
318 398 351 
320 400 352 
318 395 351 
316 392 351 
315 393 351 
319 398 352 
319 399 352 
319 396 351 
316 393 351 
315 391 351 
316 395 351 
319 399 352 
320 397 351 
317 393 351 
315 391 351 
316 394 351 
318 398 352 
320 400 352 
318 396 351 
316 393 351 
315 391 351 
317 395 351 
319 400 351 
319 398 351 
318 394 351 
316 392 351 
315 393 351 
