319 631 394 
321 633 394 
322 636 395 
323 636 395 
323 635 394 
323 633 395 
321 629 395 
320 628 395 
320 629 395 
317 631 395 
320 632 395 
322 635 396 
323 636 396 
324 636 396 
323 633 396 
322 632 396 
321 629 396 
321 629 396 
319 628 395 
319 630 396 
320 632 396 
322 634 397 
324 636 397 
323 634 397 
323 632 397 
321 628 397 
321 628 397 
320 628 397 
320 629 397 
320 631 397 
321 634 398 
323 635 398 
324 635 398 
323 632 398 
321 628 398 
320 627 398 
320 630 398 
321 633 399 
323 634 399 
324 635 399 
323 632 399 
322 628 399 
320 628 398 
320 627 399 
320 630 399 
322 634 400 
323 634 400 
324 634 400 
323 632 400 
322 628 399 
321 628 400 
320 627 400 
320 629 400 
321 631 400 
322 634 400 
324 635 401 
325 633 401 
323 631 401 
320 627 400 
321 626 400 
320 627 401 
320 630 401 
322 633 401 
323 633 401 
324 634 402 
324 632 402 
324 631 402 
322 627 402 
321 627 401 
320 626 401 
320 628 402 
321 630 402 
323 633 402 
324 634 403 
324 634 403 
323 631 402 
323 630 402 
322 627 402 
321 626 402 
320 626 403 
320 627 403 
321 629 403 
322 631 403 
323 633 404 
324 634 404 
324 633 404 
324 632 404 
324 630 404 
323 629 404 
322 627 404 
322 627 404 
321 626 404 
321 627 404 
321 629 404 
322 631 405 
323 632 405 
324 634 405 
325 633 405 
324 630 405 
323 627 405 
323 626 405 
321 625 405 
321 627 405 
318 629 405 
319 632 406 
324 633 406 
325 633 406 
324 630 405 
322 626 405 
321 625 405 
321 625 406 
321 628 406 
323 632 406 
324 633 406 
325 633 407 
325 629 406 
322 626 406 
321 625 406 
321 626 407 
321 629 407 
324 632 407 
325 632 407 
325 633 407 
325 629 407 
323 625 407 
322 625 407 
322 625 407 
322 628 407 
323 631 408 
324 631 408 
325 632 408 
325 629 408 
324 628 408 
323 625 408 
321 624 408 
321 624 408 
321 627 408 
323 631 409 
324 631 409 
325 631 409 
324 629 409 
323 625 409 
322 624 409 
321 624 409 
322 627 409 
324 631 410 
325 631 410 
325 629 410 
323 625 409 
321 624 409 
321 625 410 
322 628 410 
324 630 410 
326 631 410 
325 627 410 
323 624 410 
321 624 410 
322 627 411 
324 630 411 
325 631 411 
326 631 411 
326 627 411 
323 624 411 
322 623 411 
322 626 411 
323 630 412 
326 631 412 
326 631 412 
325 627 411 
323 624 411 
321 623 412 
322 626 412 
324 630 412 
326 631 413 
326 628 412 
324 624 412 
322 623 412 
321 624 412 
323 628 413 
326 631 413 
327 630 413 
325 626 413 
323 623 413 
322 623 413 
323 625 413 
324 630 414 
326 630 414 
327 630 414 
325 626 414 
324 623 413 
322 623 413 
323 626 414 
325 629 414 
326 630 414 
326 628 414 
325 624 414 
324 622 414 
322 624 414 
323 627 415 
327 629 415 
