324 353 348 
323 352 348 
323 351 348 
325 354 348 
332 358 348 
328 359 348 
329 353 352 
329 351 352 
327 349 351 
326 347 351 
325 346 351 
325 348 351 
325 349 351 
326 352 352 
327 353 351 
328 353 351 
327 351 351 
326 348 351 
325 347 351 
324 346 351 
324 347 351 
325 349 351 
326 352 351 
327 353 351 
327 352 351 
326 349 351 
325 347 351 
324 346 351 
324 349 351 
326 352 351 
327 353 351 
327 351 351 
326 348 351 
325 348 351 
325 347 351 
325 349 351 
326 351 351 
327 352 351 
328 353 351 
327 352 351 
327 350 351 
325 347 351 
325 346 351 
324 346 350 
324 348 351 
325 350 351 
326 352 351 
326 352 351 
327 353 351 
327 353 351 
328 352 351 
328 351 350 
327 350 351 
326 347 350 
325 348 350 
325 346 350 
324 346 350 
324 348 350 
325 349 350 
326 352 351 
327 353 351 
327 353 351 
328 352 351 
327 350 350 
326 347 350 
325 347 350 
324 346 350 
324 345 350 
324 348 350 
327 352 351 
327 353 351 
328 353 351 
327 350 350 
325 346 350 
324 346 350 
324 347 350 
325 349 351 
326 351 351 
328 352 351 
327 351 351 
326 347 350 
324 345 350 
324 345 350 
324 348 350 
325 350 350 
326 351 351 
327 352 351 
328 353 351 
327 350 350 
326 349 350 
325 347 350 
325 345 350 
325 346 350 
324 347 350 
325 348 350 
325 349 350 
326 351 350 
326 351 350 
327 352 350 
328 353 350 
327 352 350 
328 353 350 
328 351 350 
328 350 350 
326 347 350 
325 347 350 
325 346 350 
324 346 349 
324 348 350 
325 349 350 
325 351 350 
326 352 350 
327 353 350 
328 354 350 
327 351 350 
327 350 350 
325 347 349 
325 346 349 
325 347 349 
324 346 349 
324 349 349 
325 349 349 
325 350 349 
326 352 350 
326 352 349 
327 354 350 
328 353 349 
328 354 350 
327 352 349 
327 351 349 
327 350 349 
325 348 349 
325 347 349 
325 347 349 
326 348 349 
325 350 349 
327 352 349 
328 354 350 
329 354 349 
327 351 349 
326 348 349 
325 346 349 
324 347 349 
325 349 349 
325 351 349 
327 352 349 
327 353 349 
328 352 349 
327 351 349 
326 348 349 
326 348 349 
324 347 348 
324 348 349 
325 350 349 
326 353 349 
327 353 349 
328 354 349 
327 352 349 
327 350 349 
325 348 348 
324 347 348 
326 349 348 
325 351 348 
327 353 349 
328 354 349 
328 353 348 
327 351 348 
325 348 348 
325 347 348 
325 350 348 
326 353 348 
328 355 349 
328 353 348 
327 352 348 
326 349 348 
325 348 348 
325 347 348 
325 350 348 
326 351 348 
327 353 348 
329 354 348 
327 353 348 
327 351 348 
326 349 348 
325 347 348 
324 349 348 
325 351 348 
327 353 348 
328 354 348 
327 352 348 
326 349 348 
325 347 348 
324 349 348 
325 351 348 
326 353 348 
328 354 348 
328 352 348 
327 349 348 
325 347 348 
324 347 347 
