323 395 351 
321 393 351 
320 391 350 
319 390 350 
318 390 350 
318 392 351 
319 393 351 
320 394 351 
322 397 351 
322 396 351 
322 398 351 
323 397 351 
323 396 351 
323 395 351 
322 394 351 
322 394 351 
320 391 350 
320 391 350 
319 390 351 
319 390 351 
318 390 351 
319 392 351 
319 393 351 
320 394 351 
321 396 351 
322 396 351 
322 397 351 
323 397 351 
322 395 351 
322 394 351 
320 391 351 
319 389 350 
318 390 350 
319 392 351 
321 396 351 
322 397 351 
322 395 351 
322 394 351 
320 391 350 
318 390 350 
319 391 351 
319 392 351 
321 396 351 
322 397 351 
320 397 351 
323 395 351 
322 393 351 
320 391 351 
318 390 351 
319 392 351 
321 396 351 
322 397 351 
323 396 351 
321 394 351 
320 390 350 
319 389 350 
318 389 350 
319 392 351 
320 394 351 
321 396 351 
322 397 351 
323 397 351 
323 395 351 
324 394 351 
321 390 350 
319 390 350 
319 389 350 
320 392 351 
321 395 351 
322 396 351 
323 397 351 
323 395 351 
322 393 351 
320 390 350 
320 390 350 
319 390 350 
320 391 350 
320 393 351 
322 395 351 
322 396 351 
323 397 351 
323 395 351 
322 393 351 
320 390 350 
319 390 350 
319 389 350 
319 391 351 
320 393 351 
322 396 351 
323 397 351 
323 397 351 
323 395 351 
322 392 350 
320 390 350 
320 389 350 
319 391 351 
320 394 351 
322 396 351 
323 397 351 
323 395 351 
322 394 351 
321 390 350 
319 389 350 
320 391 350 
321 393 351 
322 396 351 
323 397 351 
323 395 351 
322 393 351 
320 390 350 
319 389 350 
320 392 351 
321 395 351 
323 397 351 
323 395 351 
323 393 351 
321 390 350 
320 389 350 
319 389 350 
319 391 351 
321 393 351 
322 396 351 
323 397 351 
324 397 351 
323 395 351 
323 394 350 
322 392 350 
321 390 350 
320 389 350 
319 389 350 
319 391 350 
320 392 351 
321 394 351 
322 396 351 
322 396 351 
323 396 351 
323 395 351 
323 394 350 
322 393 350 
321 391 350 
321 390 350 
320 390 350 
320 389 350 
320 389 350 
319 390 350 
319 390 350 
319 391 350 
320 392 350 
320 393 351 
321 395 351 
322 396 351 
322 396 351 
322 396 351 
323 397 351 
323 397 351 
323 397 351 
324 396 351 
324 397 351 
323 395 350 
324 394 350 
325 393 351 
320 390 350 
321 390 350 
320 389 350 
320 389 350 
320 389 350 
320 391 350 
321 393 351 
323 395 351 
324 395 351 
325 397 351 
324 396 351 
322 397 351 
321 394 351 
321 393 350 
322 392 351 
322 390 350 
321 389 350 
320 389 350 
320 388 350 
320 388 351 
320 388 351 
320 389 351 
320 390 351 
320 391 351 
323 394 351 
321 395 351 
324 395 351 
325 396 351 
324 393 351 
322 389 351 
320 388 350 
320 388 351 
321 391 351 
321 392 351 
322 395 351 
324 397 351 
326 397 351 
325 395 350 
325 393 350 
