297 341 327 
298 343 327 
299 344 327 
299 344 327 
299 342 327 
299 340 327 
297 338 327 
296 337 327 
295 337 327 
296 340 327 
297 341 327 
299 344 327 
298 344 327 
299 345 327 
300 345 327 
299 345 327 
299 343 327 
298 342 327 
297 340 326 
297 339 327 
297 339 326 
296 338 326 
295 337 326 
296 340 326 
297 342 327 
298 345 327 
298 344 327 
300 345 327 
298 345 327 
299 345 327 
299 345 327 
298 344 327 
299 343 327 
298 342 327 
298 342 326 
297 339 326 
297 339 326 
296 338 326 
295 338 326 
296 339 326 
296 341 326 
298 344 327 
298 343 327 
299 345 327 
299 344 326 
298 342 326 
298 342 326 
297 339 326 
296 338 326 
295 338 326 
296 339 326 
296 340 326 
297 343 326 
298 343 327 
299 345 326 
298 343 326 
298 343 326 
298 342 326 
297 339 326 
297 340 326 
296 339 326 
296 338 326 
297 338 326 
296 338 326 
296 338 326 
295 337 326 
295 339 326 
295 339 326 
297 340 326 
297 340 326 
296 341 326 
298 343 326 
297 344 326 
297 344 326 
297 343 326 
299 344 327 
298 344 327 
299 345 327 
298 344 326 
300 345 327 
298 343 327 
298 342 326 
298 342 326 
297 341 326 
296 338 326 
296 339 326 
295 337 326 
295 337 326 
296 339 326 
296 340 326 
297 343 327 
298 343 326 
297 343 327 
299 344 327 
298 344 327 
299 344 327 
299 344 327 
299 345 327 
298 343 326 
299 342 326 
298 342 326 
298 341 326 
298 341 326 
298 341 326 
297 338 326 
297 338 326 
297 338 326 
297 338 326 
297 338 326 
296 337 326 
296 337 326 
296 337 326 
296 337 326 
294 337 326 
296 337 326 
296 337 326 
296 337 326 
296 337 326 
295 336 326 
295 337 326 
296 338 326 
296 339 326 
296 340 326 
296 340 326 
296 340 326 
298 342 326 
297 343 326 
297 342 326 
298 343 326 
298 342 326 
298 342 326 
298 343 326 
298 342 326 
298 343 326 
297 343 326 
297 342 326 
297 343 326 
297 342 326 
297 342 326 
297 342 326 
298 342 326 
298 344 326 
298 343 326 
298 343 326 
299 344 326 
297 342 326 
298 342 326 
298 341 326 
297 341 326 
297 340 326 
297 340 326 
297 338 326 
297 338 326 
298 338 326 
297 338 326 
297 338 326 
298 338 326 
297 338 326 
298 338 326 
297 338 326 
297 338 326 
297 338 326 
296 337 326 
296 337 326 
297 337 326 
295 336 326 
296 338 326 
297 339 326 
297 340 326 
297 342 326 
298 343 326 
298 343 326 
298 344 326 
299 344 326 
299 344 326 
299 343 326 
299 344 326 
299 343 326 
298 342 326 
298 341 326 
298 340 326 
297 338 325 
297 338 326 
296 337 325 
296 337 325 
296 336 325 
296 338 325 
297 339 326 
297 340 325 
296 341 326 
295 343 326 
298 343 325 
297 342 326 
298 342 326 
298 344 326 
298 344 326 
299 343 326 
299 344 326 
299 344 326 
298 342 326 
