353 540 479 
352 538 479 
353 537 479 
352 536 478 
351 533 478 
350 533 478 
349 532 478 
349 532 478 
346 533 478 
349 534 478 
350 538 479 
351 538 479 
352 540 479 
352 538 479 
352 536 478 
350 533 478 
349 532 478 
348 531 478 
348 534 478 
350 537 479 
351 538 479 
352 539 479 
352 538 479 
351 536 478 
350 533 478 
349 533 478 
348 531 478 
347 531 478 
348 534 478 
349 537 478 
351 538 478 
352 539 478 
352 537 478 
351 535 478 
349 532 478 
348 531 478 
348 533 478 
349 535 478 
351 537 478 
353 538 478 
352 536 478 
351 533 478 
349 532 478 
348 531 478 
349 533 478 
349 534 478 
351 537 478 
352 538 478 
352 536 478 
350 532 478 
349 531 478 
348 530 478 
349 534 478 
351 537 478 
353 538 478 
352 537 478 
351 535 478 
349 531 478 
348 530 478 
348 532 478 
349 535 478 
352 537 478 
353 538 478 
352 535 478 
350 531 477 
349 531 478 
348 530 478 
350 533 478 
351 537 478 
352 538 478 
353 538 478 
352 535 478 
351 533 478 
349 532 477 
348 530 478 
348 532 478 
349 534 478 
351 536 478 
352 538 478 
353 536 478 
351 534 478 
350 531 478 
349 530 478 
348 529 477 
349 532 478 
350 536 478 
351 537 478 
352 537 478 
352 535 478 
350 531 477 
349 530 477 
348 530 477 
349 532 478 
349 533 478 
352 536 478 
352 537 478 
353 536 478 
351 534 478 
349 530 477 
348 529 477 
348 531 477 
350 535 478 
352 537 478 
350 537 478 
352 534 477 
350 530 477 
349 529 477 
348 531 477 
350 533 478 
351 536 478 
353 537 478 
353 535 477 
351 531 477 
349 529 477 
348 529 477 
350 533 477 
352 536 478 
353 537 477 
352 534 477 
350 530 477 
349 530 477 
350 533 477 
352 536 477 
353 536 477 
353 534 477 
352 532 477 
350 530 477 
349 529 477 
349 531 477 
350 532 477 
351 536 477 
352 535 477 
353 537 477 
353 535 477 
352 534 477 
352 533 477 
350 530 476 
350 530 477 
349 529 476 
349 529 476 
348 529 476 
349 530 477 
350 532 477 
351 532 477 
351 536 477 
351 535 477 
351 536 477 
353 536 477 
353 536 477 
352 534 477 
351 532 476 
350 530 476 
349 528 476 
348 530 476 
350 533 477 
352 535 477 
353 536 477 
352 534 476 
351 531 476 
350 530 476 
348 528 476 
349 530 476 
349 532 476 
351 535 477 
352 536 477 
353 535 476 
352 532 476 
350 530 476 
348 529 476 
349 531 476 
351 535 476 
352 535 476 
352 535 476 
352 534 476 
351 532 476 
350 529 476 
349 528 476 
348 528 476 
349 531 476 
351 535 476 
351 536 476 
352 534 476 
351 532 476 
350 529 476 
348 527 476 
349 529 476 
349 531 476 
352 535 476 
352 535 476 
353 535 476 
352 533 476 
352 531 476 
350 529 476 
348 528 476 
348 529 476 
349 531 476 
351 534 476 
352 535 476 
352 534 476 
352 531 476 
