325 395 375 
327 399 375 
329 400 375 
329 397 375 
327 393 375 
324 392 375 
327 396 375 
328 400 375 
329 398 375 
326 393 375 
325 394 375 
328 399 375 
329 398 375 
326 393 375 
325 394 375 
328 399 375 
328 397 375 
325 392 375 
327 398 375 
329 398 375 
326 393 375 
325 395 375 
329 399 375 
327 393 375 
325 393 375 
329 399 375 
328 395 375 
325 394 375 
328 399 375 
328 395 375 
324 392 375 
328 398 375 
328 396 375 
324 392 375 
328 398 375 
329 396 375 
325 391 375 
326 397 375 
329 399 375 
326 392 375 
325 394 375 
328 399 375 
327 393 375 
325 393 374 
328 399 375 
327 395 375 
324 391 375 
328 398 375 
328 395 375 
325 393 375 
329 399 375 
327 392 375 
326 394 375 
328 399 375 
326 392 375 
324 393 375 
328 399 375 
328 396 375 
324 391 375 
325 395 375 
329 398 375 
326 392 375 
324 393 375 
327 398 375 
328 396 375 
324 391 374 
325 395 375 
328 398 375 
326 393 374 
324 393 374 
327 397 375 
328 396 374 
324 391 374 
324 394 374 
328 399 375 
327 395 374 
324 391 374 
325 395 374 
328 398 375 
326 393 374 
324 391 374 
326 397 375 
328 398 375 
326 392 374 
324 391 374 
326 397 375 
329 399 374 
326 393 374 
324 391 374 
325 394 374 
328 399 374 
328 396 374 
325 392 374 
323 391 374 
326 397 374 
328 399 374 
327 395 374 
325 391 374 
325 392 374 
326 397 374 
328 398 374 
327 395 374 
326 392 374 
324 391 373 
325 395 374 
327 398 374 
328 397 374 
326 392 374 
324 391 373 
325 393 374 
326 397 374 
328 398 374 
327 396 374 
325 392 373 
324 391 373 
325 393 373 
326 397 374 
327 398 374 
328 398 374 
327 395 373 
325 392 373 
324 391 373 
324 393 373 
326 397 374 
328 399 374 
328 397 373 
327 394 373 
325 392 373 
324 391 373 
324 394 373 
326 397 374 
328 399 374 
328 396 373 
326 392 373 
324 391 373 
324 393 373 
324 395 373 
327 397 374 
328 399 374 
327 397 373 
325 392 373 
325 391 373 
323 392 373 
326 397 373 
327 399 373 
327 397 373 
326 394 373 
324 391 373 
323 391 373 
324 395 373 
326 398 373 
327 398 373 
327 397 373 
327 394 372 
324 392 372 
323 391 372 
323 393 372 
325 395 373 
326 398 373 
327 399 373 
327 397 373 
325 393 372 
324 392 372 
324 392 372 
325 394 373 
324 396 373 
326 398 373 
327 399 373 
327 397 373 
326 395 372 
325 393 372 
323 391 372 
323 393 372 
324 394 372 
324 396 373 
325 398 373 
326 398 373 
327 399 373 
327 399 373 
327 398 372 
327 397 372 
326 396 372 
325 393 372 
324 393 372 
323 392 372 
322 391 372 
323 394 372 
324 396 372 
326 398 372 
327 399 372 
328 399 372 
327 397 372 
326 396 372 
325 393 372 
324 393 371 
323 391 371 
323 394 372 
323 395 372 
324 397 372 
325 398 372 
