336 589 476 
336 588 476 
336 588 476 
336 588 476 
333 589 476 
336 589 476 
336 590 477 
337 590 477 
337 591 477 
337 591 477 
337 591 477 
337 591 477 
338 593 477 
338 593 477 
338 592 477 
338 593 477 
339 593 477 
338 593 477 
338 593 477 
338 592 477 
338 591 477 
338 591 477 
338 591 477 
337 590 477 
337 591 477 
337 591 477 
337 591 477 
338 591 477 
338 593 477 
339 593 477 
339 593 477 
339 593 478 
339 593 478 
339 593 478 
340 594 478 
340 594 478 
340 594 478 
341 594 478 
341 594 478 
341 593 478 
340 592 478 
340 592 478 
340 591 478 
340 591 477 
339 588 477 
338 588 477 
338 588 477 
337 588 477 
337 588 477 
337 587 477 
337 587 477 
337 588 478 
337 589 478 
337 589 478 
337 590 478 
338 590 477 
339 593 478 
339 593 478 
340 593 478 
341 594 478 
341 594 478 
341 594 478 
341 594 478 
341 593 478 
341 591 478 
340 591 478 
340 590 478 
340 588 478 
338 587 478 
339 587 477 
338 587 477 
337 587 478 
337 586 478 
337 587 478 
337 587 477 
337 588 478 
337 588 478 
337 589 478 
338 589 478 
338 590 478 
339 591 478 
339 592 478 
340 593 478 
340 592 478 
337 592 478 
341 593 479 
341 594 478 
342 593 479 
341 592 478 
341 591 478 
341 591 478 
341 590 478 
340 588 478 
339 587 478 
339 587 478 
338 586 478 
338 586 478 
338 586 478 
338 588 478 
338 588 478 
338 589 479 
340 592 479 
341 592 479 
341 593 479 
342 593 479 
341 591 478 
341 591 479 
340 589 478 
339 586 478 
339 587 478 
338 586 478 
337 585 478 
337 585 478 
337 587 478 
338 588 479 
339 590 479 
340 592 479 
340 591 479 
341 593 479 
341 592 479 
341 593 479 
342 593 479 
342 592 479 
340 590 479 
341 589 479 
340 586 479 
339 587 479 
339 585 479 
338 585 479 
338 585 479 
338 587 479 
338 588 479 
338 588 479 
339 590 479 
340 591 479 
342 591 480 
342 592 480 
342 592 479 
342 591 479 
342 590 479 
342 590 479 
341 589 479 
340 586 479 
339 586 479 
338 585 479 
338 585 479 
339 586 479 
338 587 479 
338 588 479 
339 588 479 
340 591 480 
342 591 480 
341 591 480 
342 592 480 
342 592 480 
342 592 480 
343 591 480 
343 590 480 
342 589 479 
342 589 480 
341 586 479 
340 585 479 
339 586 479 
338 584 479 
338 585 479 
338 586 480 
339 587 479 
340 590 480 
341 590 480 
342 592 480 
342 591 480 
343 590 480 
342 588 480 
340 585 480 
339 585 480 
338 584 480 
339 584 480 
338 584 480 
338 586 480 
339 587 480 
340 589 480 
341 590 481 
342 591 481 
342 591 481 
342 589 480 
342 588 480 
340 585 480 
339 583 480 
338 584 480 
339 586 480 
340 589 481 
342 590 481 
343 590 481 
342 588 481 
341 585 480 
340 585 480 
338 583 480 
338 585 480 
340 587 481 
341 589 481 
