332 605 461 
334 605 462 
334 606 462 
334 607 462 
334 607 462 
334 605 462 
334 604 462 
333 604 462 
333 604 461 
331 600 461 
331 600 461 
330 600 461 
330 599 461 
330 601 462 
330 602 462 
332 605 462 
332 605 462 
334 606 462 
334 605 462 
333 603 462 
331 600 461 
330 599 462 
330 599 462 
330 600 462 
330 602 462 
331 604 462 
332 605 463 
333 605 463 
333 605 463 
332 606 463 
335 604 462 
333 603 463 
333 602 462 
331 600 462 
330 599 462 
330 599 462 
330 600 462 
331 601 462 
332 604 463 
333 605 463 
334 606 463 
335 606 463 
334 603 463 
333 602 463 
331 599 462 
330 599 462 
330 598 463 
331 601 463 
332 604 463 
333 604 463 
334 605 463 
334 603 463 
333 602 462 
332 599 463 
330 599 463 
329 598 463 
331 601 463 
332 603 463 
333 604 464 
334 605 464 
334 605 463 
334 603 463 
334 603 463 
333 600 463 
332 599 463 
331 598 463 
331 598 463 
330 598 463 
330 600 463 
331 600 463 
331 601 464 
332 601 464 
333 604 464 
333 604 464 
333 604 464 
334 604 464 
334 605 464 
335 604 464 
334 603 464 
334 601 464 
332 599 464 
331 598 463 
330 597 464 
330 598 464 
331 600 464 
332 604 464 
333 603 464 
335 605 464 
335 605 464 
334 602 464 
334 601 464 
332 599 464 
331 598 464 
330 597 464 
331 597 464 
331 599 464 
332 600 464 
333 603 464 
334 603 465 
335 604 465 
335 605 465 
335 605 465 
335 602 465 
334 601 464 
334 600 464 
332 598 464 
332 598 464 
329 597 464 
331 597 464 
331 598 465 
331 600 465 
332 600 465 
333 603 465 
335 604 465 
335 604 465 
335 602 465 
335 602 465 
334 600 465 
333 598 465 
331 597 465 
331 597 465 
331 599 465 
332 600 465 
333 603 466 
334 604 466 
336 604 466 
336 603 465 
335 600 465 
333 598 465 
332 598 465 
331 596 465 
331 596 465 
332 599 466 
332 600 466 
334 603 466 
335 604 466 
335 604 466 
336 602 466 
335 601 466 
333 598 466 
333 597 466 
331 596 466 
331 598 466 
332 600 466 
334 602 466 
335 603 466 
335 602 466 
335 601 466 
333 597 466 
333 597 466 
333 596 466 
331 595 466 
332 598 466 
332 599 466 
334 602 467 
335 602 467 
336 603 467 
336 603 467 
336 600 467 
335 600 467 
333 597 466 
333 596 467 
332 597 467 
333 599 467 
335 602 467 
336 603 467 
335 600 467 
333 597 467 
332 596 467 
332 598 467 
334 602 467 
336 602 467 
336 601 467 
335 599 467 
333 596 467 
332 596 467 
332 597 467 
332 598 467 
335 602 468 
335 602 468 
336 602 468 
336 600 468 
335 598 468 
333 596 467 
332 595 467 
332 595 467 
333 597 468 
333 599 468 
335 601 468 
336 602 468 
336 601 468 
335 599 468 
333 596 468 
332 595 468 
332 597 468 
334 601 468 
336 601 468 
337 601 468 
336 598 468 
333 595 468 
