341 362 362 
341 362 362 
341 363 362 
342 364 362 
342 364 362 
342 364 362 
342 365 362 
342 365 362 
342 364 362 
343 364 362 
342 364 362 
342 365 362 
342 365 362 
343 366 362 
343 366 362 
342 365 362 
343 366 362 
343 365 362 
343 365 362 
345 365 362 
344 365 362 
343 364 362 
343 362 362 
342 362 362 
341 359 361 
341 359 361 
339 358 361 
339 358 361 
339 359 362 
340 360 362 
341 362 362 
342 363 362 
343 364 362 
344 365 362 
344 363 362 
343 362 362 
342 360 362 
341 358 362 
340 357 362 
340 357 361 
340 359 362 
340 360 362 
340 361 362 
342 364 362 
342 364 362 
342 364 362 
343 365 362 
343 362 362 
342 361 362 
342 360 362 
341 358 361 
340 358 361 
341 359 361 
340 357 361 
338 357 361 
339 357 361 
339 357 361 
339 357 361 
339 357 361 
339 357 361 
339 359 361 
339 359 361 
339 360 361 
340 361 361 
341 363 362 
342 364 361 
342 364 362 
342 365 362 
343 365 361 
343 363 361 
342 362 361 
342 361 361 
341 359 361 
340 358 361 
340 358 361 
340 358 361 
340 357 361 
339 357 361 
340 357 361 
339 357 361 
339 357 361 
338 358 361 
339 359 361 
339 359 361 
339 359 361 
339 359 361 
339 360 361 
340 360 361 
340 361 361 
341 363 361 
341 363 361 
341 363 362 
341 363 361 
342 364 362 
342 364 362 
342 364 361 
343 364 362 
342 363 361 
342 362 361 
342 361 361 
342 361 361 
341 360 361 
340 359 361 
340 357 361 
339 357 361 
339 357 361 
339 356 361 
338 356 361 
338 356 361 
337 356 361 
338 358 361 
339 359 361 
339 361 361 
341 363 362 
342 364 362 
342 363 362 
343 364 362 
342 361 361 
341 360 361 
340 358 361 
339 357 361 
339 357 361 
338 356 361 
338 356 361 
338 356 361 
338 358 361 
338 359 361 
339 360 361 
340 363 361 
341 362 361 
342 363 361 
342 364 361 
341 361 361 
341 360 361 
340 357 361 
339 358 361 
339 356 361 
338 356 361 
338 358 361 
339 359 361 
339 360 361 
340 362 361 
341 362 361 
341 363 361 
341 362 361 
342 362 361 
341 361 361 
341 360 361 
340 359 361 
339 357 361 
339 357 361 
339 357 361 
338 356 361 
338 356 361 
338 356 361 
338 356 361 
338 355 361 
337 357 361 
338 357 361 
338 358 361 
338 359 361 
339 359 361 
339 361 361 
340 362 361 
340 362 361 
341 363 361 
341 363 361 
341 364 361 
342 361 361 
340 360 361 
340 359 361 
339 358 361 
339 357 361 
338 357 361 
338 355 360 
337 356 360 
337 355 361 
337 357 361 
337 358 361 
338 359 361 
339 361 361 
339 361 361 
340 362 361 
341 362 361 
341 362 361 
340 360 361 
340 359 361 
338 356 361 
338 356 361 
337 355 360 
337 357 361 
338 358 361 
339 361 361 
340 361 361 
341 362 361 
341 361 361 
340 359 361 
338 356 361 
337 355 360 
337 355 361 
