325 392 350 
327 395 350 
328 396 350 
327 394 350 
326 390 350 
324 389 350 
323 389 349 
324 391 350 
325 392 350 
327 396 350 
328 397 350 
328 397 350 
329 397 350 
328 395 350 
328 395 350 
328 394 350 
327 394 350 
328 394 350 
328 394 350 
327 393 350 
328 394 350 
327 393 350 
328 394 350 
328 394 350 
328 395 350 
329 397 350 
328 396 350 
328 396 350 
328 396 350 
327 396 350 
327 395 350 
327 395 350 
326 394 350 
326 393 350 
325 392 350 
325 392 350 
325 392 350 
325 391 350 
324 391 350 
324 391 350 
325 390 350 
325 390 350 
324 390 350 
325 388 350 
324 388 350 
324 388 350 
324 388 350 
326 388 350 
324 388 350 
324 387 350 
325 389 350 
325 389 350 
327 389 350 
328 392 350 
328 392 350 
328 393 350 
328 394 350 
329 395 350 
329 395 351 
329 396 351 
328 395 351 
327 394 351 
327 394 351 
326 393 350 
326 391 350 
325 390 350 
325 389 350 
324 387 350 
325 387 350 
326 387 350 
327 389 350 
326 388 350 
327 389 350 
328 391 350 
329 392 350 
328 392 350 
329 392 351 
329 393 351 
329 393 351 
330 394 351 
329 395 351 
330 395 351 
329 395 351 
330 395 351 
329 395 351 
327 394 351 
329 395 351 
329 395 351 
329 395 351 
329 395 351 
329 394 351 
328 395 351 
330 393 351 
329 393 351 
329 392 351 
329 392 351 
329 392 351 
329 391 351 
328 390 351 
328 388 351 
327 387 350 
327 388 350 
326 387 351 
326 387 350 
326 387 351 
325 386 350 
326 388 351 
326 389 351 
326 389 351 
326 390 351 
327 390 351 
328 393 351 
329 393 351 
330 393 351 
330 394 351 
330 394 351 
330 395 352 
330 392 351 
329 391 351 
329 389 351 
328 387 351 
328 387 351 
328 388 351 
327 386 351 
326 386 351 
326 386 351 
326 386 351 
326 386 351 
327 388 351 
327 388 351 
327 388 351 
327 388 351 
328 389 351 
327 389 351 
327 389 351 
329 389 351 
329 390 351 
327 390 351 
328 391 351 
329 392 351 
329 392 351 
330 393 352 
330 393 351 
331 394 351 
331 394 351 
331 392 351 
330 391 351 
330 389 351 
328 387 351 
328 386 351 
327 386 351 
328 387 351 
328 389 351 
330 392 352 
330 392 352 
332 393 352 
332 393 352 
331 391 351 
331 391 351 
330 390 351 
330 388 351 
329 386 351 
328 387 351 
328 386 351 
328 386 351 
327 385 351 
328 387 351 
328 388 351 
328 389 351 
329 390 351 
330 392 352 
331 392 352 
330 393 352 
333 393 352 
333 393 352 
332 391 352 
331 389 352 
330 386 351 
329 386 351 
328 385 351 
328 386 351 
329 388 351 
330 391 352 
331 392 352 
332 392 352 
332 391 352 
332 390 352 
327 386 351 
330 386 351 
328 385 351 
328 386 352 
329 388 352 
331 391 352 
332 392 352 
332 392 352 
332 390 352 
331 387 352 
330 386 352 
329 384 351 
328 386 352 
