312 360 332 
313 361 332 
313 362 332 
313 360 332 
312 359 332 
312 358 332 
311 356 332 
311 355 332 
311 355 331 
311 356 332 
310 355 331 
310 354 332 
310 354 332 
310 354 331 
311 355 332 
309 354 332 
309 354 332 
309 354 332 
309 354 332 
309 354 332 
309 354 331 
310 354 331 
307 354 331 
314 355 332 
313 355 331 
310 354 332 
310 354 332 
310 354 332 
311 354 331 
307 354 332 
310 354 332 
329 357 332 
314 357 332 
318 359 332 
316 359 332 
316 359 332 
315 360 332 
316 362 332 
316 362 333 
315 362 333 
315 362 333 
315 362 333 
314 362 333 
313 360 333 
313 361 333 
312 360 333 
310 357 332 
310 357 332 
310 356 332 
309 355 332 
308 353 332 
309 354 332 
309 353 332 
310 354 332 
310 355 332 
311 354 332 
314 358 332 
313 358 332 
313 359 332 
313 360 332 
313 361 332 
313 362 332 
311 360 332 
311 360 332 
310 359 332 
309 358 332 
309 357 332 
309 356 332 
309 354 331 
308 354 331 
309 354 331 
310 355 331 
310 356 331 
310 356 331 
311 357 331 
311 359 331 
311 359 331 
311 360 332 
312 360 331 
312 361 332 
312 361 332 
312 363 332 
312 363 332 
312 362 331 
312 362 332 
311 362 332 
312 362 332 
311 361 332 
311 361 331 
310 361 331 
311 361 331 
311 361 331 
310 361 331 
309 360 331 
309 358 331 
309 358 331 
308 357 331 
308 356 331 
308 354 331 
309 355 331 
309 355 331 
310 356 331 
310 356 331 
311 357 331 
312 359 331 
312 360 331 
312 363 332 
312 362 332 
311 361 332 
311 360 332 
310 360 331 
310 360 332 
309 358 331 
309 357 331 
308 356 331 
305 354 331 
308 355 331 
310 355 331 
309 356 331 
310 356 331 
310 357 331 
311 359 331 
311 360 331 
312 363 331 
311 362 331 
311 362 331 
310 361 331 
310 361 331 
309 358 331 
308 358 331 
308 357 331 
308 355 330 
308 355 330 
310 357 331 
314 357 331 
314 360 331 
313 362 331 
312 363 331 
312 363 331 
311 362 331 
310 362 331 
309 359 330 
308 357 330 
308 357 330 
307 355 330 
308 356 330 
308 356 330 
309 356 330 
309 357 330 
309 357 330 
309 357 330 
310 359 331 
311 361 331 
311 362 331 
311 363 331 
311 363 330 
310 361 331 
310 362 331 
309 361 331 
308 359 331 
308 358 331 
308 357 331 
307 356 331 
307 355 330 
308 356 330 
308 356 330 
308 355 330 
308 356 330 
309 356 330 
308 355 330 
309 356 331 
308 356 330 
308 357 331 
309 356 330 
309 357 330 
310 357 330 
309 356 330 
309 357 330 
309 357 330 
310 358 330 
310 359 330 
310 360 331 
310 360 331 
310 361 330 
311 361 331 
311 362 331 
311 363 331 
311 363 331 
311 363 331 
311 363 331 
311 363 331 
311 363 331 
311 363 331 
310 363 331 
311 363 331 
310 363 330 
311 363 331 
311 363 330 
310 362 330 
310 362 330 
