311 373 329 
308 373 329 
312 372 329 
311 372 328 
310 371 328 
310 370 328 
309 368 328 
308 367 328 
308 368 328 
307 366 328 
306 367 328 
307 367 328 
307 369 328 
308 370 328 
309 373 328 
310 373 328 
311 374 329 
311 373 328 
310 370 328 
308 368 328 
307 366 328 
306 367 328 
307 369 328 
307 370 328 
309 373 329 
310 374 329 
311 374 329 
310 372 328 
310 371 328 
310 370 328 
308 368 328 
307 368 328 
309 368 328 
306 367 328 
306 367 328 
306 367 328 
305 367 328 
307 369 328 
306 370 328 
307 370 328 
307 371 328 
307 371 328 
307 371 328 
307 372 328 
308 372 328 
308 374 328 
309 374 328 
310 375 328 
310 375 328 
310 375 328 
310 374 328 
309 373 328 
309 373 328 
309 372 328 
309 372 327 
307 369 327 
307 369 327 
306 368 327 
306 368 327 
305 368 327 
306 370 327 
306 371 327 
307 372 328 
308 374 328 
309 375 328 
309 376 328 
310 376 328 
309 373 328 
307 370 327 
306 369 327 
305 369 327 
306 371 327 
308 375 328 
310 376 328 
309 374 328 
307 370 327 
305 368 327 
305 370 328 
308 373 328 
309 376 328 
309 374 328 
308 372 327 
306 369 327 
305 368 327 
306 370 328 
307 374 328 
308 375 328 
309 375 328 
308 373 328 
308 370 328 
306 369 327 
305 368 327 
305 370 328 
306 373 328 
307 374 328 
309 375 328 
309 374 328 
308 371 328 
306 369 328 
305 368 328 
304 368 327 
305 370 328 
305 371 328 
307 374 328 
308 374 328 
308 375 328 
309 375 328 
309 373 328 
308 372 328 
307 369 328 
306 369 328 
305 368 328 
305 370 328 
306 372 328 
308 374 328 
310 375 328 
308 372 328 
305 368 328 
305 368 328 
305 370 328 
305 371 328 
307 374 328 
308 375 328 
309 374 328 
308 372 328 
306 369 328 
305 368 328 
304 367 328 
304 368 328 
303 367 328 
304 370 328 
304 370 328 
305 372 328 
306 374 328 
307 374 328 
308 376 328 
308 375 328 
308 376 328 
308 374 328 
307 372 328 
307 372 328 
307 371 328 
306 369 328 
305 368 328 
305 368 328 
305 368 328 
304 367 328 
304 367 328 
304 367 328 
304 368 328 
304 367 328 
303 367 328 
304 369 328 
304 369 328 
304 370 328 
305 371 328 
306 373 329 
307 374 329 
309 375 329 
308 375 329 
308 375 329 
308 373 328 
307 372 328 
307 371 328 
305 369 328 
305 368 328 
304 368 328 
303 367 328 
303 367 328 
304 369 328 
304 370 328 
305 373 328 
307 374 329 
308 375 328 
308 375 328 
308 375 328 
307 373 328 
306 371 328 
304 369 328 
304 368 328 
303 370 328 
305 372 328 
306 374 328 
307 375 328 
307 373 328 
305 369 327 
306 369 327 
303 368 327 
304 370 328 
305 373 328 
306 374 328 
308 375 328 
307 373 328 
306 371 328 
304 369 328 
303 367 328 
304 370 328 
304 371 328 
305 374 328 
306 374 328 
