338 430 398 
338 429 398 
337 429 398 
337 428 398 
337 427 398 
336 425 398 
335 425 398 
335 425 398 
334 424 398 
334 424 398 
334 424 398 
334 425 398 
335 426 398 
335 426 398 
335 427 398 
336 430 398 
336 430 398 
338 432 398 
338 431 398 
338 432 398 
338 429 398 
337 428 398 
336 426 398 
335 424 398 
334 423 398 
335 424 398 
334 424 398 
333 423 398 
334 425 398 
334 425 398 
334 426 398 
334 426 398 
334 426 398 
335 427 398 
335 427 398 
335 429 398 
336 430 398 
336 430 398 
336 430 398 
336 430 398 
338 431 398 
338 431 398 
338 431 398 
338 430 398 
338 429 398 
338 428 398 
337 427 398 
336 425 397 
335 424 398 
335 423 397 
334 423 397 
334 423 397 
333 422 397 
334 425 397 
334 425 397 
334 425 397 
334 426 397 
335 426 398 
335 428 398 
336 429 398 
336 430 398 
337 430 398 
337 430 398 
338 430 398 
338 430 398 
338 430 398 
338 429 398 
337 428 398 
337 427 397 
337 426 397 
336 424 397 
335 423 397 
335 424 397 
334 422 397 
333 422 397 
335 424 397 
334 425 397 
334 426 397 
336 428 398 
336 428 398 
337 429 398 
337 428 398 
337 430 398 
338 430 398 
338 430 398 
338 430 398 
338 428 397 
338 428 397 
337 427 397 
337 426 397 
336 423 397 
335 422 397 
334 422 397 
334 422 397 
334 422 397 
333 422 397 
333 421 397 
334 424 397 
335 424 397 
335 425 397 
334 426 397 
336 428 397 
336 428 397 
337 429 397 
337 430 397 
337 429 397 
338 430 397 
337 428 397 
337 428 397 
337 427 397 
337 426 397 
337 426 397 
335 424 397 
336 423 396 
335 423 397 
334 421 397 
334 422 396 
333 421 396 
334 423 397 
334 424 397 
334 426 397 
336 428 397 
336 428 397 
337 429 397 
338 430 397 
338 427 397 
337 424 397 
335 422 396 
334 422 396 
333 423 396 
334 425 397 
336 428 397 
337 429 397 
337 427 397 
336 425 396 
335 422 396 
334 420 396 
333 423 396 
334 424 396 
335 427 397 
338 429 397 
338 429 397 
337 426 396 
336 423 396 
335 422 396 
334 421 396 
334 424 396 
336 427 397 
337 429 397 
337 427 396 
336 424 396 
334 421 396 
333 421 396 
334 424 396 
335 428 397 
336 428 396 
337 429 396 
337 427 396 
337 426 396 
336 423 396 
334 422 396 
333 421 396 
333 423 396 
335 425 396 
337 428 396 
337 429 396 
338 428 396 
337 427 396 
337 426 396 
337 425 396 
335 422 395 
334 422 396 
334 421 395 
333 420 395 
333 423 396 
335 425 396 
336 428 396 
337 428 396 
338 428 396 
337 427 396 
337 425 396 
337 425 395 
335 421 395 
335 422 395 
333 420 395 
333 421 395 
333 422 395 
334 423 395 
334 424 396 
332 426 396 
336 427 396 
336 427 396 
337 428 396 
338 428 396 
337 426 396 
337 425 396 
336 424 395 
335 421 395 
334 421 395 
333 420 395 
