285 182 333 
286 273 335 
287 432 339 
287 498 341 
288 534 342 
289 506 341 
289 533 342 
289 504 341 
288 503 341 
288 523 342 
289 529 342 
289 527 342 
289 520 342 
289 519 342 
288 523 342 
288 512 343 
288 526 343 
288 503 343 
288 486 342 
288 473 342 
288 455 342 
287 395 340 
286 360 339 
286 334 339 
285 265 337 
284 198 335 
285 242 336 
285 237 335 
285 260 336 
285 271 336 
286 328 337 
287 403 339 
287 444 340 
289 524 342 
289 532 343 
288 486 342 
287 381 340 
286 304 338 
285 240 336 
285 214 335 
285 218 335 
286 268 336 
286 340 337 
287 452 340 
288 482 341 
288 549 343 
288 560 344 
288 545 344 
287 494 343 
288 453 342 
286 368 339 
286 303 338 
285 260 336 
285 226 336 
285 231 336 
285 277 336 
286 394 339 
288 506 342 
288 615 345 
289 609 345 
289 580 345 
288 530 344 
288 494 343 
288 449 342 
288 374 340 
286 356 340 
286 292 338 
286 306 339 
286 276 338 
287 238 337 
286 254 337 
285 250 337 
287 214 336 
285 203 335 
284 194 335 
285 186 335 
285 262 336 
285 324 337 
287 422 340 
288 505 342 
289 559 344 
289 555 344 
288 509 343 
288 454 342 
287 366 340 
286 262 337 
286 203 336 
286 156 334 
285 178 334 
285 210 335 
286 246 336 
287 289 337 
287 396 339 
288 481 341 
288 538 343 
289 541 343 
289 511 343 
288 462 342 
287 337 339 
286 250 337 
284 156 334 
285 171 334 
286 246 336 
286 319 337 
287 443 340 
287 504 342 
288 532 343 
289 589 344 
289 570 344 
288 524 343 
288 460 342 
288 360 340 
286 323 339 
286 260 337 
285 219 336 
284 168 334 
284 183 334 
284 218 335 
286 253 336 
285 282 336 
285 320 337 
287 372 338 
287 430 340 
287 449 340 
288 496 342 
288 517 342 
290 530 343 
289 605 345 
289 559 344 
288 502 343 
287 446 342 
287 331 339 
286 267 337 
286 198 336 
285 164 335 
285 178 335 
285 216 335 
286 266 336 
286 310 337 
286 403 339 
287 460 340 
288 493 342 
288 553 343 
288 549 343 
289 610 345 
289 597 345 
290 593 345 
289 563 345 
290 556 345 
289 560 345 
289 538 345 
289 496 344 
288 463 343 
289 416 342 
287 338 341 
287 312 340 
287 238 337 
286 199 337 
286 172 336 
286 141 334 
285 179 335 
285 190 335 
285 212 336 
286 258 336 
286 309 337 
286 345 338 
287 415 340 
287 444 341 
288 477 342 
288 522 343 
289 561 344 
289 621 346 
290 594 346 
289 558 345 
289 482 343 
289 437 342 
288 342 340 
287 257 338 
286 206 336 
286 146 334 
287 138 334 
286 207 336 
286 263 337 
288 301 337 
287 355 339 
285 565 344 
289 556 344 
289 582 345 
291 645 347 
289 614 346 
290 547 345 
289 471 343 
289 383 341 
287 297 339 
287 247 338 
286 196 336 
286 185 336 
286 157 335 
285 144 334 
285 184 334 
