283 341 326 
282 341 326 
281 341 326 
280 341 326 
282 341 326 
283 341 326 
284 341 326 
285 341 326 
284 341 326 
283 341 326 
281 341 325 
281 341 325 
280 341 325 
281 341 326 
282 341 326 
284 341 326 
284 341 326 
285 341 325 
283 341 326 
281 341 325 
280 341 325 
281 341 325 
282 341 325 
284 341 325 
285 341 325 
284 341 325 
283 340 325 
281 341 325 
280 341 325 
281 341 325 
282 341 325 
284 341 325 
284 341 325 
283 341 325 
281 341 325 
280 341 325 
281 341 325 
283 341 325 
285 341 325 
283 340 325 
282 340 325 
280 340 325 
280 341 325 
281 340 325 
283 340 325 
284 340 325 
283 340 325 
280 340 325 
280 340 325 
281 340 325 
283 340 325 
284 340 325 
284 340 325 
282 340 325 
281 340 325 
280 340 325 
281 339 325 
282 339 325 
284 339 325 
284 339 325 
282 339 325 
281 339 325 
280 339 325 
282 339 325 
284 339 325 
284 339 325 
284 339 325 
281 339 325 
280 339 324 
280 339 325 
282 339 325 
284 339 325 
284 339 325 
283 339 325 
280 340 324 
279 340 324 
281 340 325 
283 340 325 
284 340 325 
284 340 325 
282 340 324 
280 340 324 
280 340 324 
281 340 325 
283 340 325 
284 341 325 
283 341 325 
280 340 325 
280 340 324 
280 340 325 
281 340 325 
283 340 325 
284 340 325 
282 340 325 
280 339 324 
279 339 324 
281 339 325 
283 340 325 
284 339 325 
283 340 325 
280 339 325 
279 339 325 
281 340 325 
283 340 325 
284 339 325 
282 340 325 
282 340 324 
279 340 324 
280 340 325 
281 340 325 
283 340 325 
283 340 325 
282 340 324 
279 340 324 
280 339 324 
283 340 325 
284 340 325 
282 340 325 
277 340 325 
278 340 324 
280 340 325 
283 340 325 
284 340 325 
282 340 325 
281 340 325 
278 340 324 
280 340 325 
281 340 325 
283 340 325 
283 340 325 
282 340 325 
282 340 325 
280 340 324 
280 340 324 
277 340 324 
279 340 324 
279 340 325 
280 340 325 
280 339 325 
282 340 325 
282 340 325 
283 340 325 
283 340 325 
283 340 325 
282 340 325 
282 340 325 
280 340 324 
280 338 325 
279 338 325 
278 338 325 
280 338 325 
282 338 325 
282 338 325 
283 338 325 
282 338 325 
282 338 325 
281 338 325 
279 338 325 
279 338 325 
280 338 325 
281 338 325 
283 338 325 
283 338 325 
282 338 325 
282 338 325 
280 338 325 
279 338 325 
279 338 325 
280 338 325 
282 338 325 
283 338 325 
282 338 325 
279 338 325 
279 338 325 
280 338 325 
281 338 325 
282 338 325 
284 338 325 
282 338 325 
280 338 325 
278 338 325 
283 338 325 
283 338 325 
284 338 325 
282 338 325 
280 338 325 
279 338 325 
281 338 325 
283 338 325 
283 338 325 
281 338 325 
280 338 325 
279 338 325 
280 338 325 
282 338 325 
283 338 325 
283 338 325 
282 338 325 
280 338 325 
280 338 325 
