349 548 484 
351 550 484 
352 550 484 
351 547 484 
349 544 483 
347 542 483 
348 545 483 
351 549 484 
352 551 484 
352 548 484 
351 544 483 
348 543 483 
347 543 483 
349 546 484 
350 549 484 
352 551 484 
352 549 484 
351 547 484 
350 544 483 
349 543 483 
348 543 483 
348 545 483 
349 548 484 
351 549 484 
352 549 484 
351 547 484 
350 544 483 
349 543 483 
348 542 483 
348 545 483 
350 548 484 
351 550 484 
352 550 484 
352 547 484 
350 543 483 
348 542 483 
345 545 483 
350 549 484 
353 549 484 
351 547 483 
350 543 483 
348 542 483 
349 544 483 
351 548 483 
352 550 483 
352 548 483 
351 544 483 
349 543 483 
348 542 483 
348 544 483 
351 548 483 
352 549 483 
352 547 483 
350 543 483 
348 542 483 
348 543 483 
350 548 484 
352 549 484 
352 548 483 
351 545 483 
349 543 483 
348 542 483 
349 545 483 
351 548 483 
352 549 483 
351 545 483 
348 541 483 
348 543 483 
350 547 483 
352 549 483 
352 547 483 
350 543 483 
348 541 483 
348 543 483 
349 545 483 
351 548 483 
352 549 483 
351 545 483 
349 543 483 
348 541 483 
349 544 483 
351 547 483 
352 549 483 
351 545 483 
349 542 482 
348 541 482 
348 544 483 
351 547 483 
352 549 483 
352 546 483 
350 542 482 
348 541 482 
348 543 483 
349 545 483 
351 547 483 
352 548 483 
351 546 483 
350 542 482 
348 541 482 
347 540 483 
349 544 482 
350 547 483 
352 549 483 
352 547 483 
351 545 483 
349 542 482 
348 541 482 
349 543 482 
350 545 483 
351 547 483 
352 548 483 
352 546 483 
351 544 483 
349 542 482 
348 540 482 
348 542 482 
349 544 483 
351 547 483 
352 548 483 
352 546 483 
349 544 482 
349 542 482 
348 540 482 
348 542 482 
349 544 482 
351 547 482 
352 548 482 
352 546 482 
351 544 482 
349 542 482 
348 540 482 
348 542 482 
348 544 482 
351 547 482 
352 548 482 
352 546 482 
351 544 482 
349 541 482 
348 541 482 
348 543 482 
350 546 482 
352 547 482 
353 548 482 
351 544 482 
349 541 482 
348 540 482 
348 541 482 
349 544 482 
351 546 482 
352 548 482 
352 546 482 
351 544 482 
349 541 482 
347 540 481 
349 542 482 
349 546 482 
351 548 482 
352 548 482 
351 544 482 
349 541 482 
348 540 481 
348 543 481 
350 546 482 
352 547 482 
351 544 482 
349 541 481 
347 539 481 
348 542 481 
351 546 482 
352 547 482 
352 545 482 
351 543 482 
349 541 481 
348 539 481 
347 539 481 
349 542 481 
350 545 482 
351 546 482 
352 547 482 
353 546 482 
352 544 482 
350 540 481 
349 540 481 
348 539 481 
349 541 481 
349 543 481 
351 545 482 
352 547 482 
352 545 481 
351 543 481 
349 540 481 
348 539 481 
348 539 481 
349 541 481 
349 543 481 
350 546 482 
351 545 481 
352 546 482 
352 547 482 
352 544 481 
