284 402 338 
286 402 338 
286 402 339 
287 402 339 
286 402 338 
284 401 338 
283 401 338 
283 401 338 
283 401 338 
284 401 339 
286 400 339 
287 400 339 
286 400 338 
285 400 339 
283 400 338 
283 399 338 
282 399 338 
284 399 339 
284 399 338 
287 399 339 
287 399 339 
287 398 339 
288 398 338 
285 398 338 
285 398 338 
283 397 338 
283 397 338 
285 397 339 
286 397 339 
287 397 339 
287 397 339 
286 397 339 
284 396 338 
283 397 339 
282 396 339 
284 396 339 
287 396 339 
287 396 339 
286 396 339 
284 396 339 
283 396 339 
284 396 339 
284 396 339 
286 396 339 
287 396 339 
284 396 339 
285 396 339 
283 396 339 
283 396 339 
283 396 339 
283 396 339 
285 396 339 
286 395 339 
287 396 339 
287 395 339 
285 395 339 
285 395 339 
283 395 339 
283 395 339 
283 395 339 
284 395 339 
285 394 339 
286 394 339 
287 395 339 
286 394 339 
285 394 339 
284 394 339 
283 394 339 
284 394 339 
285 394 339 
287 394 339 
287 394 339 
285 394 339 
284 394 339 
283 394 339 
284 394 339 
286 393 339 
287 393 339 
286 393 339 
284 393 339 
283 392 339 
284 392 339 
287 392 339 
287 392 339 
287 392 339 
285 392 339 
283 392 339 
283 392 339 
285 392 339 
286 392 339 
287 391 339 
285 392 339 
284 392 339 
283 392 339 
284 392 339 
286 392 339 
287 392 339 
286 391 339 
285 391 339 
284 391 339 
283 391 339 
284 391 339 
285 391 339 
286 391 339 
287 391 339 
286 391 339 
285 391 339 
284 391 339 
283 390 339 
284 390 339 
286 390 339 
287 390 339 
287 390 339 
285 390 339 
283 390 339 
283 390 339 
284 390 339 
286 390 339 
287 390 339 
287 390 339 
285 390 339 
284 389 339 
283 389 339 
284 388 339 
286 388 339 
287 388 339 
287 388 339 
285 388 339 
284 387 339 
281 387 339 
283 387 339 
285 387 339 
287 387 339 
287 386 339 
287 385 339 
285 386 339 
284 385 339 
282 386 339 
285 386 339 
287 385 339 
286 385 339 
285 385 339 
283 384 339 
283 385 339 
284 384 339 
286 385 339 
286 385 339 
286 384 339 
285 385 339 
284 384 339 
283 384 339 
283 384 339 
283 384 339 
285 384 339 
286 384 339 
287 384 339 
288 384 339 
285 384 339 
283 384 339 
283 384 339 
283 384 339 
284 384 339 
286 384 339 
288 384 339 
286 384 339 
284 384 339 
283 384 339 
284 384 339 
286 385 339 
287 385 339 
287 384 339 
284 384 339 
283 384 339 
284 384 339 
286 384 339 
287 384 339 
285 384 339 
284 384 339 
282 385 339 
285 385 339 
286 385 339 
287 385 339 
285 385 339 
284 385 339 
282 385 339 
284 385 339 
286 385 339 
287 385 339 
285 385 339 
284 385 339 
283 385 339 
284 385 339 
287 385 339 
287 385 339 
285 385 339 
283 385 339 
283 385 339 
284 385 339 
286 385 339 
287 385 339 
