288 328 312 
289 329 312 
290 327 312 
288 326 312 
288 325 312 
287 324 312 
287 322 312 
287 322 312 
287 322 312 
286 323 312 
286 321 312 
286 321 312 
286 321 312 
285 321 312 
286 323 312 
286 324 312 
287 325 312 
288 327 313 
289 327 312 
289 328 312 
289 328 312 
290 328 313 
289 328 312 
289 326 312 
289 326 312 
288 325 312 
289 325 312 
288 324 312 
287 321 312 
287 322 312 
287 322 312 
286 321 312 
286 321 312 
286 321 312 
286 322 312 
286 323 312 
288 324 312 
288 327 313 
288 327 313 
289 328 312 
289 328 312 
288 326 312 
286 324 312 
287 322 312 
286 322 312 
286 321 312 
286 321 312 
285 320 312 
286 323 312 
286 324 312 
287 324 312 
287 326 313 
288 327 313 
288 327 312 
289 328 312 
289 328 313 
289 328 313 
289 326 312 
289 325 312 
288 324 312 
288 324 312 
286 322 312 
286 321 312 
287 321 312 
288 322 312 
286 321 312 
285 320 312 
285 321 312 
285 320 312 
286 322 312 
286 324 312 
287 325 312 
288 327 313 
288 327 312 
289 328 312 
289 328 313 
288 325 312 
288 324 312 
287 322 312 
286 320 312 
286 322 312 
286 324 312 
289 327 312 
288 328 312 
289 328 313 
288 326 312 
287 324 312 
287 321 312 
284 320 312 
285 320 312 
286 322 312 
286 323 312 
287 324 312 
288 327 312 
288 327 312 
288 328 312 
289 328 313 
288 326 312 
285 324 312 
286 321 312 
286 322 312 
285 321 312 
286 322 312 
287 324 312 
288 327 312 
289 328 313 
288 325 312 
286 321 312 
285 320 312 
287 322 312 
287 324 312 
288 326 313 
288 328 313 
288 326 313 
288 324 312 
286 321 312 
285 321 312 
286 322 312 
287 325 313 
288 326 312 
289 328 313 
288 325 312 
287 321 312 
286 320 312 
286 321 312 
286 322 312 
287 324 312 
288 327 312 
288 327 313 
289 328 312 
290 328 312 
288 325 312 
288 324 312 
287 321 312 
287 321 312 
286 321 312 
285 320 312 
286 321 312 
286 323 312 
286 323 312 
287 324 313 
288 327 313 
288 326 313 
288 327 313 
288 328 313 
289 328 313 
288 325 312 
288 324 312 
286 321 312 
286 320 312 
286 320 312 
286 322 312 
286 323 312 
286 324 312 
288 326 313 
288 327 312 
288 327 313 
288 328 313 
289 327 313 
289 325 312 
288 324 312 
287 322 312 
286 322 312 
286 321 312 
285 321 312 
285 320 312 
286 323 312 
286 325 312 
288 327 312 
288 328 313 
288 328 313 
289 326 312 
288 325 312 
288 323 312 
286 322 312 
286 322 312 
286 321 312 
285 321 312 
286 323 312 
286 323 312 
286 324 312 
286 325 313 
287 327 313 
287 327 313 
289 328 313 
287 328 312 
288 327 312 
288 325 312 
287 324 312 
286 322 312 
285 321 312 
285 321 312 
286 324 312 
287 327 313 
291 328 313 
292 329 313 
293 327 313 
287 322 312 
287 321 312 
285 322 312 
