280 349 307 
281 350 308 
280 348 307 
279 346 307 
279 346 307 
279 345 307 
279 343 307 
278 343 307 
277 342 307 
277 342 307 
277 342 306 
278 345 307 
278 346 307 
278 346 307 
275 347 307 
279 348 307 
280 350 307 
280 349 307 
280 349 308 
280 349 307 
281 350 307 
279 350 308 
281 350 307 
280 348 307 
280 346 307 
279 345 307 
279 343 307 
278 343 307 
278 342 307 
278 342 307 
278 344 307 
279 346 307 
280 348 307 
280 349 308 
280 349 308 
281 350 308 
281 350 308 
281 348 307 
280 347 307 
280 345 307 
279 343 307 
278 343 307 
278 343 307 
278 342 307 
278 342 307 
277 342 307 
277 343 307 
278 344 307 
278 345 307 
279 346 307 
279 347 308 
280 349 308 
280 349 308 
280 348 308 
281 349 308 
281 349 308 
281 349 308 
281 349 308 
280 347 308 
280 346 307 
280 345 308 
279 342 307 
278 342 307 
278 341 307 
278 341 307 
278 344 308 
278 344 308 
279 345 308 
280 348 308 
281 347 308 
281 349 308 
281 348 308 
281 348 308 
281 346 308 
280 345 308 
280 344 308 
280 343 308 
279 341 308 
279 341 308 
279 341 308 
278 340 308 
278 340 308 
278 340 308 
278 339 308 
279 342 308 
279 342 308 
279 343 308 
279 343 309 
279 343 309 
281 346 309 
281 346 309 
281 347 309 
281 347 309 
281 346 309 
283 346 309 
281 344 309 
281 343 309 
280 342 308 
279 340 308 
279 340 308 
279 340 308 
278 339 308 
278 339 308 
279 342 309 
279 344 309 
281 346 309 
281 346 309 
282 347 309 
280 343 309 
279 340 308 
279 340 308 
278 339 308 
279 342 309 
281 346 309 
281 346 309 
282 346 309 
281 343 309 
279 340 308 
277 338 308 
278 338 309 
279 342 309 
281 346 309 
282 346 309 
281 344 309 
280 342 309 
279 339 309 
278 339 308 
278 338 309 
279 342 309 
281 346 309 
281 345 309 
282 346 309 
281 344 309 
281 342 309 
279 339 309 
279 340 309 
278 338 309 
278 338 309 
279 340 309 
280 342 309 
280 343 309 
281 345 309 
282 344 309 
282 346 310 
283 346 309 
281 343 309 
282 342 309 
276 340 309 
279 338 309 
283 339 309 
268 336 309 
289 340 307 
283 338 307 
281 338 308 
281 338 308 
280 338 308 
279 338 308 
279 339 308 
280 340 309 
280 341 309 
224 334 312 
276 344 310 
280 345 310 
282 346 310 
282 345 310 
281 345 310 
281 342 310 
281 340 311 
280 337 311 
280 337 311 
279 336 311 
279 337 311 
280 336 312 
280 339 312 
280 339 312 
281 341 313 
282 343 313 
282 343 313 
282 342 313 
293 345 314 
285 343 314 
286 343 314 
286 343 314 
285 341 314 
285 340 314 
283 338 315 
280 337 315 
255 331 315 
284 334 315 
272 333 315 
275 331 315 
276 332 315 
278 333 316 
303 334 316 
286 336 316 
289 337 317 
279 335 317 
278 337 317 
281 338 317 
282 338 317 
