285 332 322 
285 332 323 
285 329 322 
284 328 322 
284 327 322 
282 324 322 
282 324 322 
283 324 322 
283 324 322 
283 323 322 
282 323 322 
282 323 323 
283 322 322 
284 324 323 
283 326 323 
284 327 323 
285 330 323 
285 329 323 
284 330 324 
286 330 323 
285 326 323 
284 323 323 
284 323 323 
283 322 323 
282 321 323 
284 325 323 
284 326 324 
285 329 324 
286 329 324 
285 328 324 
288 329 324 
287 329 324 
286 330 324 
286 327 324 
286 326 324 
285 324 324 
284 322 324 
284 321 324 
284 321 324 
283 320 324 
291 325 324 
290 326 324 
291 329 325 
289 328 325 
290 329 325 
290 328 325 
286 326 325 
286 324 325 
286 321 324 
285 320 325 
284 320 324 
284 319 325 
285 323 325 
286 324 325 
285 327 325 
288 328 325 
288 327 325 
288 327 325 
287 325 325 
286 323 325 
287 322 325 
286 321 325 
284 319 325 
285 319 325 
284 318 325 
285 319 325 
285 321 325 
287 323 325 
287 326 326 
288 326 326 
288 326 326 
283 323 325 
284 321 326 
284 318 325 
284 317 325 
284 318 325 
286 321 326 
287 325 326 
287 324 326 
289 325 326 
289 326 326 
288 323 326 
287 321 326 
286 318 326 
286 318 325 
285 317 326 
285 317 326 
286 319 326 
287 322 326 
289 324 326 
288 325 326 
289 323 326 
287 321 326 
286 317 326 
287 318 326 
285 317 326 
285 316 326 
286 320 326 
287 321 326 
288 324 327 
288 323 326 
289 324 326 
288 324 326 
288 324 327 
288 322 326 
288 320 326 
287 320 326 
287 316 326 
286 316 326 
285 316 326 
285 315 326 
286 318 326 
287 320 327 
288 322 327 
288 323 327 
289 323 327 
290 323 327 
288 320 326 
287 318 326 
288 316 326 
287 314 326 
287 315 327 
286 316 326 
288 318 327 
287 319 327 
288 322 327 
289 322 327 
289 322 327 
289 323 327 
289 322 327 
289 320 327 
288 318 327 
287 315 326 
287 315 326 
286 314 326 
286 314 326 
286 314 326 
286 315 327 
287 317 327 
287 318 327 
288 320 327 
289 321 327 
289 322 327 
290 322 327 
289 320 327 
288 318 327 
287 314 326 
286 314 326 
286 314 326 
286 318 326 
289 322 327 
290 323 327 
289 322 327 
289 319 326 
287 315 326 
284 314 326 
286 314 326 
292 318 327 
290 320 327 
291 322 327 
291 323 327 
291 322 327 
290 319 327 
289 317 326 
288 314 326 
284 313 326 
285 314 326 
286 316 326 
288 318 326 
289 321 327 
290 321 327 
290 322 327 
289 318 327 
288 316 326 
287 314 326 
287 313 326 
287 313 326 
288 316 326 
288 318 327 
289 321 327 
289 321 327 
290 321 327 
290 319 327 
289 317 326 
289 314 326 
288 314 326 
287 313 326 
287 313 326 
288 317 326 
289 320 327 
289 320 327 
290 320 327 
290 318 327 
289 317 326 
288 313 326 
288 313 326 
287 312 326 
286 313 326 
287 315 326 
287 316 326 
