343 580 486 
345 582 486 
346 584 486 
346 582 486 
346 580 486 
344 577 485 
342 576 485 
342 576 485 
343 579 486 
343 580 486 
344 582 486 
346 583 486 
346 582 486 
347 580 485 
344 577 486 
343 576 486 
342 575 486 
343 578 486 
344 582 486 
345 582 486 
346 583 486 
346 581 486 
345 579 486 
343 577 486 
342 576 486 
342 578 486 
343 579 486 
345 582 486 
347 583 486 
346 581 486 
345 579 486 
344 576 486 
342 576 486 
342 577 486 
343 578 486 
345 582 486 
346 583 486 
347 582 486 
346 580 486 
344 576 486 
342 575 486 
342 575 486 
343 578 486 
345 582 487 
347 582 487 
347 581 487 
346 579 486 
344 576 486 
342 575 486 
343 577 486 
345 581 487 
346 582 487 
347 581 487 
346 579 486 
343 576 486 
342 575 486 
343 578 486 
345 581 487 
346 582 487 
346 580 487 
346 579 486 
344 576 486 
343 575 486 
343 577 487 
343 579 487 
345 581 487 
344 582 487 
347 580 487 
346 578 487 
344 576 486 
343 575 486 
342 575 486 
343 578 487 
345 580 487 
348 581 487 
346 579 487 
345 576 487 
343 574 486 
342 574 486 
343 577 487 
345 580 487 
347 582 487 
347 582 487 
346 579 487 
344 575 486 
342 574 486 
343 577 486 
345 580 487 
347 582 487 
347 580 487 
345 576 486 
343 574 486 
342 576 486 
344 578 487 
347 581 487 
347 581 487 
346 578 487 
344 575 486 
343 574 486 
343 577 487 
346 580 487 
347 581 487 
347 580 487 
346 577 486 
344 575 486 
343 574 486 
345 577 487 
346 581 487 
347 582 487 
347 579 487 
345 575 486 
343 574 486 
343 575 486 
344 577 486 
346 580 487 
347 581 487 
347 579 487 
344 575 486 
343 574 486 
343 576 486 
344 579 487 
346 581 487 
347 581 487 
346 578 487 
344 575 486 
343 573 486 
343 575 486 
344 579 487 
347 581 487 
347 580 487 
346 577 487 
344 575 486 
343 574 486 
343 576 487 
347 580 487 
347 581 487 
347 578 487 
345 574 486 
343 573 486 
344 576 487 
345 579 487 
347 581 487 
348 581 487 
347 578 487 
345 574 487 
343 573 486 
343 573 486 
344 576 487 
346 579 487 
347 581 487 
348 581 487 
347 578 487 
344 574 486 
343 574 486 
343 575 487 
344 577 487 
346 579 487 
347 580 487 
347 578 487 
345 575 486 
344 574 486 
343 573 486 
343 575 487 
344 576 487 
347 579 487 
347 580 487 
348 581 487 
347 578 487 
346 575 487 
345 574 486 
344 573 486 
344 575 487 
344 576 487 
346 579 487 
346 579 487 
348 580 487 
347 579 487 
344 577 487 
346 574 487 
344 574 487 
343 573 487 
343 574 487 
344 576 487 
346 579 487 
347 580 487 
348 580 487 
347 577 487 
345 573 487 
344 572 486 
343 572 487 
344 575 487 
346 579 487 
347 579 488 
348 580 487 
348 577 487 
347 576 487 
345 573 487 
344 572 487 
344 574 487 
345 576 487 
