310 392 356 
310 394 356 
312 396 355 
312 395 356 
312 395 356 
313 395 356 
312 395 356 
312 395 356 
312 396 356 
313 396 356 
314 396 356 
313 396 356 
313 396 356 
313 396 356 
314 397 356 
313 395 356 
313 394 356 
312 392 355 
311 390 355 
310 389 355 
310 388 355 
309 388 355 
309 388 355 
309 390 355 
309 391 355 
310 392 356 
311 394 356 
312 395 356 
312 395 356 
313 396 356 
314 397 356 
313 394 356 
312 392 355 
311 389 355 
310 388 355 
310 389 355 
310 390 355 
310 391 355 
310 393 355 
312 395 356 
312 395 356 
313 395 356 
313 396 356 
313 396 356 
314 396 356 
313 394 355 
313 393 355 
311 389 355 
310 389 355 
309 388 355 
309 390 355 
310 391 355 
310 392 355 
312 395 356 
312 395 356 
313 396 356 
313 396 356 
313 396 356 
313 395 356 
313 396 356 
314 396 356 
314 394 355 
314 393 355 
313 393 355 
312 392 355 
310 389 355 
310 389 355 
310 388 355 
309 388 355 
309 387 355 
310 389 355 
309 390 355 
310 391 355 
311 394 356 
312 394 356 
314 395 356 
313 395 356 
313 393 356 
312 391 355 
312 389 355 
311 388 355 
311 387 355 
310 387 355 
309 387 355 
309 387 356 
310 388 356 
310 389 356 
310 390 356 
313 393 356 
312 393 356 
313 394 356 
314 394 356 
313 392 356 
313 391 356 
312 389 356 
310 388 355 
310 386 356 
310 386 356 
310 389 356 
312 393 356 
312 394 356 
314 394 356 
313 391 356 
311 387 356 
309 386 356 
309 386 355 
310 388 356 
310 390 356 
313 392 356 
313 393 356 
314 394 356 
313 391 356 
312 388 356 
311 387 356 
310 385 356 
309 386 356 
310 388 356 
312 392 356 
313 393 356 
314 394 356 
313 390 356 
311 387 356 
310 385 355 
309 386 356 
310 388 356 
312 392 356 
314 393 356 
314 393 356 
313 391 356 
313 389 356 
312 387 356 
311 386 356 
310 385 355 
310 385 356 
310 387 356 
310 387 356 
311 388 356 
311 389 356 
313 392 357 
313 391 356 
314 392 357 
314 390 356 
314 389 356 
318 386 356 
310 383 356 
310 384 356 
310 386 356 
311 390 357 
313 391 357 
314 391 357 
313 389 357 
312 387 357 
312 384 356 
310 383 356 
310 384 356 
310 385 356 
310 386 357 
312 390 357 
313 390 357 
314 391 357 
314 389 357 
312 388 357 
313 385 356 
312 384 356 
310 383 356 
310 383 356 
311 385 357 
311 387 357 
313 389 357 
313 390 357 
314 391 357 
315 390 357 
315 389 357 
314 388 357 
314 387 357 
312 384 356 
312 384 356 
311 383 356 
311 384 356 
311 386 357 
311 389 357 
311 390 357 
312 390 356 
315 388 357 
314 385 356 
312 385 356 
311 384 356 
311 385 356 
312 387 356 
314 390 357 
315 391 357 
315 389 356 
314 388 356 
312 384 356 
311 384 356 
310 383 356 
311 387 356 
313 390 356 
315 392 356 
315 390 356 
