312 390 357 
311 390 357 
311 393 357 
313 396 358 
314 398 358 
315 398 358 
315 396 357 
314 395 357 
312 392 357 
312 391 357 
310 391 357 
308 394 357 
313 397 357 
314 398 357 
316 399 357 
315 395 357 
312 392 357 
311 391 357 
310 390 357 
311 394 357 
312 394 357 
314 398 357 
315 399 357 
315 399 357 
315 399 357 
315 397 357 
315 396 357 
314 395 357 
313 392 357 
312 392 357 
312 391 356 
312 391 357 
307 390 357 
310 392 357 
310 393 357 
311 394 357 
307 396 357 
312 397 357 
313 399 357 
314 398 357 
314 397 357 
314 396 357 
312 392 356 
311 392 357 
310 391 357 
310 392 357 
311 393 357 
311 395 357 
313 397 357 
314 397 357 
314 398 357 
315 398 357 
315 398 357 
314 397 357 
314 396 357 
315 396 357 
314 395 357 
314 394 357 
313 392 357 
312 391 357 
312 391 357 
311 390 357 
310 390 357 
311 392 357 
310 392 357 
311 393 357 
310 393 357 
311 394 357 
313 394 357 
313 396 357 
313 397 357 
313 397 357 
314 399 357 
315 398 357 
315 398 357 
315 396 357 
314 394 356 
313 392 356 
312 391 356 
312 391 356 
312 390 356 
311 390 356 
311 390 356 
312 390 356 
311 390 356 
311 390 356 
311 390 356 
311 392 356 
311 392 357 
312 393 357 
312 394 357 
313 395 357 
313 397 357 
314 396 357 
315 398 357 
315 398 357 
315 397 357 
316 399 357 
315 396 356 
315 396 356 
314 395 356 
314 394 356 
314 394 356 
314 393 356 
313 392 356 
313 392 356 
312 391 356 
312 392 356 
311 391 356 
311 391 356 
311 390 356 
311 391 356 
310 390 356 
308 391 356 
310 392 356 
308 392 356 
309 392 356 
310 393 356 
310 393 356 
311 394 356 
312 396 357 
313 397 356 
313 397 356 
314 399 357 
314 398 356 
314 398 356 
314 398 356 
314 398 356 
315 398 356 
315 398 356 
312 396 356 
315 397 356 
315 396 356 
314 395 356 
314 395 356 
314 394 356 
312 392 356 
312 391 356 
312 392 355 
311 391 356 
311 390 356 
311 390 356 
310 390 356 
310 391 356 
311 390 356 
311 390 356 
310 390 356 
309 390 356 
309 391 356 
310 392 356 
310 392 356 
310 392 356 
310 392 356 
310 392 356 
310 393 356 
311 393 356 
310 394 356 
312 396 356 
313 397 356 
313 397 356 
314 398 356 
314 398 356 
314 399 356 
314 397 356 
314 396 356 
313 395 356 
313 394 355 
312 392 355 
311 392 355 
310 391 355 
310 391 355 
310 391 355 
310 391 355 
310 392 355 
310 393 355 
310 393 355 
311 394 355 
311 395 356 
310 397 356 
313 398 356 
314 397 356 
314 398 356 
314 398 356 
314 398 356 
314 398 356 
314 396 356 
314 396 356 
313 395 356 
312 393 355 
311 391 355 
310 391 355 
310 390 355 
309 390 355 
309 392 355 
310 393 355 
310 394 355 
312 397 356 
312 397 356 
312 396 356 
313 398 356 
