296 339 328 
297 341 328 
298 344 328 
299 345 328 
298 343 328 
297 339 328 
296 338 328 
296 339 328 
298 343 328 
300 345 328 
300 345 328 
300 342 328 
296 338 328 
295 338 328 
297 340 328 
299 344 329 
297 345 328 
299 342 328 
297 338 328 
295 337 328 
296 341 328 
298 343 328 
300 343 328 
297 339 328 
296 337 328 
297 340 328 
298 343 328 
299 345 328 
298 341 328 
297 337 328 
296 338 328 
296 341 328 
298 343 328 
300 344 328 
298 342 328 
298 338 328 
296 337 328 
296 338 328 
297 340 328 
299 343 328 
299 344 328 
298 342 328 
298 339 328 
296 337 328 
296 340 328 
298 343 328 
300 344 328 
298 342 328 
297 338 328 
295 337 328 
296 340 328 
297 343 328 
300 345 328 
301 345 328 
299 342 328 
297 338 327 
296 337 327 
295 337 328 
297 340 328 
298 344 328 
299 345 328 
299 343 328 
298 339 328 
296 338 327 
297 339 328 
297 342 328 
300 344 328 
300 346 328 
299 342 328 
295 338 327 
296 338 327 
296 339 328 
297 341 328 
294 344 328 
299 345 328 
298 343 328 
298 341 328 
297 339 327 
296 338 327 
296 340 328 
297 343 328 
298 344 328 
299 345 328 
299 344 328 
298 342 327 
297 339 327 
297 339 327 
296 338 327 
296 340 327 
297 342 328 
298 344 328 
299 345 328 
298 342 328 
297 339 327 
296 338 327 
295 339 327 
296 341 328 
298 344 328 
298 345 328 
298 344 328 
297 342 327 
297 339 327 
296 338 327 
296 338 327 
296 340 327 
297 341 328 
298 344 328 
298 345 328 
299 345 328 
299 342 328 
297 339 327 
297 339 327 
295 338 327 
296 339 328 
297 341 328 
299 344 328 
299 345 328 
299 343 328 
298 342 328 
297 338 327 
296 337 327 
296 337 327 
296 339 327 
297 341 328 
298 343 328 
296 344 328 
300 345 328 
298 342 328 
298 340 328 
297 338 327 
296 337 327 
296 337 327 
296 337 327 
296 340 327 
297 341 328 
298 342 328 
299 344 328 
299 342 328 
294 341 328 
296 338 327 
295 336 327 
296 340 327 
298 343 328 
299 344 328 
298 342 327 
297 339 327 
297 338 327 
296 337 327 
296 339 327 
296 341 327 
298 343 327 
300 345 327 
299 343 327 
298 341 327 
297 338 327 
296 337 327 
296 337 327 
297 340 327 
297 341 327 
298 343 328 
299 344 327 
299 344 327 
299 343 327 
298 341 327 
297 339 327 
296 338 327 
296 340 327 
298 342 327 
299 343 327 
299 345 327 
298 343 327 
298 342 327 
297 338 327 
296 339 327 
292 337 327 
296 339 327 
296 340 327 
297 343 327 
298 343 327 
299 345 328 
299 344 327 
298 342 327 
297 339 327 
297 339 327 
296 337 327 
295 337 327 
296 340 327 
296 341 327 
298 343 327 
298 345 327 
298 343 327 
299 341 327 
296 339 327 
296 337 327 
296 340 327 
297 343 327 
298 343 328 
299 344 328 
298 343 327 
298 341 327 
