334 422 395 
334 423 395 
336 425 395 
337 426 395 
337 426 395 
337 425 395 
336 423 395 
336 421 395 
334 420 395 
334 419 394 
334 421 395 
333 422 395 
335 424 395 
336 425 395 
337 426 395 
337 427 395 
337 424 395 
336 422 395 
334 419 395 
333 418 395 
332 418 395 
333 421 395 
335 425 395 
336 426 395 
337 426 395 
338 424 395 
336 422 395 
335 419 395 
334 420 395 
333 418 395 
334 418 394 
333 418 394 
333 420 394 
333 420 395 
334 420 395 
334 421 395 
335 424 395 
336 425 395 
336 425 395 
337 425 395 
336 426 395 
337 426 395 
337 426 395 
337 425 395 
337 426 395 
337 424 395 
336 423 395 
336 422 395 
335 419 394 
334 419 395 
334 418 394 
333 418 394 
333 417 394 
333 417 394 
333 418 394 
332 417 394 
333 419 395 
333 419 395 
333 420 395 
333 421 395 
334 421 395 
335 424 395 
336 424 395 
336 424 395 
336 425 395 
336 424 395 
337 425 395 
337 423 395 
337 422 395 
337 421 395 
335 418 394 
334 418 394 
334 417 394 
333 417 394 
333 416 394 
332 417 394 
333 419 394 
333 419 394 
334 420 394 
333 420 394 
333 420 394 
334 421 394 
334 421 395 
333 423 395 
335 423 394 
335 423 395 
335 423 395 
335 423 395 
335 423 395 
335 423 394 
335 424 395 
335 423 395 
335 423 395 
336 423 395 
335 423 395 
336 423 395 
336 423 394 
336 423 395 
337 424 395 
336 424 395 
336 424 394 
336 424 394 
337 425 394 
334 423 394 
337 422 394 
337 422 394 
337 422 394 
336 421 394 
336 421 394 
336 420 394 
335 418 394 
334 417 394 
334 417 394 
334 417 394 
334 417 394 
334 416 394 
333 416 394 
333 416 394 
332 416 394 
332 416 393 
333 418 394 
333 418 394 
333 419 394 
333 419 394 
333 419 394 
334 420 394 
335 421 394 
335 423 394 
335 423 394 
335 423 394 
337 424 394 
336 424 394 
336 424 394 
336 424 394 
337 424 394 
337 422 394 
337 422 394 
337 421 394 
336 421 394 
336 420 393 
335 418 393 
334 417 393 
333 417 393 
333 416 393 
333 416 393 
333 417 393 
333 416 393 
332 416 393 
332 418 393 
332 418 393 
333 419 393 
333 419 393 
333 420 393 
334 422 393 
335 423 393 
335 423 393 
336 424 393 
337 424 393 
337 424 393 
336 422 393 
336 421 393 
335 419 393 
334 417 393 
333 417 393 
333 416 393 
332 416 393 
332 416 393 
332 418 393 
333 419 393 
333 420 393 
335 422 393 
335 423 393 
336 424 393 
337 423 393 
336 422 393 
336 421 393 
336 420 393 
334 417 393 
333 417 392 
333 416 392 
332 416 392 
333 416 392 
333 418 393 
333 419 393 
333 420 393 
334 422 393 
336 423 393 
336 424 393 
336 424 393 
336 423 393 
336 422 393 
336 421 393 
335 418 392 
333 417 392 
332 416 392 
332 416 392 
333 418 392 
333 420 393 
335 422 393 
336 423 393 
